3 -0.000000 0.000000 165.737932 -165.737932
4 -0.621032 -0.479750 -37.670860 38.771645
3 -3.372692 -8.141198 7.293200 4.220686
3 -2.722596 -7.194247 33.998721 -24.081878
3 -26.392745 -34.393885 49.361849 11.424773
4 -4.745758 -3.886747 -79.104969 87.737478
4 -2.043204 -1.744928 -95.981838 99.769970
3 -112.572098 67.337605 111.362103 -66.127613
3 -698.155197 -483.075203 832.879406 348.351103
1 0.000000 0.000000 0.000000 0.000000
3 0.000000 0.000000 28.709983 -28.709983
3 -40.472308 -97.694378 87.518406 50.648237
4 -8.405900 -11.350707 -75.116584 94.873188
3 -113.207209 -144.400843 289.190350 -31.582330
4 -6.218239 -4.302000 -4.390609 14.910849
3 -75.917151 -42.664189 84.209299 34.372053
3 -15.358917 -14.194885 25.581013 3.972786
3 -3.429966 -2.498252 92.060170 -86.131952
3 -3.372692 -8.141198 78.323743 -66.809856
3 -6.648170 -9.046703 22.320864 -6.625991
1 0.000000 0.000000 0.000000 0.000000
3 -94.435386 -227.953548 208.570125 113.818709
3 -114.658748 -248.857447 255.503033 108.013060
1 0.000000 0.000000 0.000000 0.000000
3 -6.497876 63.482903 89.614182 -146.599213
3 -267.482356 -363.268594 922.463179 -291.712248
3 -4.821353 -17.404392 94.117462 -71.891716
3 -352.581904 -323.989591 576.906569 99.664906
3 -40.472308 -100.689590 104.922710 36.239145
