3 -13.502781 -22.088362 162.541840 -126.950719
3 -106.609337 60.478714 243.702055 -197.571646
3 -247.525877 80.748886 226.808864 -60.032368
1 0.000000 0.000000 0.000000 0.000000
3 -131.345178 -164.924212 432.291181 -136.021997
3 -179.263087 -8.244644 233.083903 -45.576525
1 0.000000 0.000000 0.000000 0.000000
2 -174.516430 193.364868 90.385008 -109.233799
4 -0.142903 -1.959156 -0.287454 2.389512
2 -244.323002 270.439918 121.335588 -147.452998
3 -577.268143 -975.394151 2087.887064 -535.224954
4 -81.548768 -157.465282 43.440838 195.573063
3 -187.077864 26.114047 131.810916 29.152522
3 -307.291826 163.001928 188.525719 -44.236444
