3 -253.701477 97.076523 144.818445 11.806420
4 -2.667688 0.906288 0.840733 0.920670
2 -15.693850 124.592167 -162.044217 53.146080
3 -268.804858 -20.080018 344.823933 -55.938729
3 -213.431348 57.312499 89.391337 66.727829
4 -65.946994 -66.145821 -218.784389 350.877190
3 -2.927461 -2.921701 8.771930 -2.922768
3 -112.556334 16.978833 76.803852 18.773798
3 -52.610012 16.157475 20.421150 16.031485
1 58.551779 -50.724127 42.063735 -49.891239
2 -49.014426 330.234600 -206.560002 -74.660131
3 -53.276642 0.000000 48.969887 4.306751
4 -74.081426 -40.656281 49.170387 65.567314
4 -92.978096 -17.784464 -3.182084 113.944645
4 -39.568196 -41.604470 -129.353656 210.526314
3 -137.679189 28.131721 94.267538 15.279881
3 -29.803023 -12.961364 41.014795 1.749586
3 -44.885519 -157.569065 122.019562 80.435011
3 -182.117773 -180.844700 546.463209 -183.500736
1 399.104025 -38.672301 332.047698 -692.479359
3 -38.509863 -10.825711 60.126957 -10.791380
3 -52.606096 -14.673463 36.999977 30.279582
4 -269.587635 4.759942 -0.483443 265.311220
3 -212.106623 26.003039 149.187641 36.916080
1 0.000000 0.000000 0.000000 0.000000
4 -25.222907 -18.498960 -0.068499 43.790339
4 -31.241874 -22.654082 -30.388562 84.284519
3 0.000000 -3.833955 3.833955 0.000000
4 -33.820235 -16.368827 -14.145799 64.334826
2 -116.940473 134.912685 -95.675079 77.703209
3 -3.288126 1.083460 1.115122 1.089550
1 346.700018 -42.004894 -15.760808 -288.934336
1 235.222909 -25.953062 62.973110 -272.242958
3 -8.999377 -11.939708 14.582108 6.356976
3 29.700519 -203.837758 194.317877 -20.180667
4 -53.276642 -5.035135 -33.393312 91.705085
3 -39.817775 12.717659 38.613449 -11.513332
3 61.252011 -258.591562 254.298920 -56.959235
4 -108.657780 -98.311754 -68.192438 275.161969
4 -80.426138 24.424930 24.937312 31.064045
3 -40.470952 -30.928801 127.970815 -56.571060
3 -78.915018 26.003039 26.762924 26.149203
2 -142.333835 81.386663 65.031716 -4.084297
3 -184.135042 60.673759 123.084219 0.377412
3 -42.560381 -56.406618 122.137531 -23.170533
3 -105.723470 32.716251 40.026871 32.980317
3 -51.611841 -17.549007 134.795384 -65.634540
4 -0.246800 -92.888993 14.444742 78.691053
4 -15.841882 4.901457 4.926680 6.013771
1 0.000000 0.000000 0.000000 0.000000
4 -22.390953 -139.775183 0.278600 161.887476
3 -78.915018 26.003039 26.762924 26.149203
4 -2.667688 0.906288 0.840733 0.920670
