1 0.000000 0.000000 0.000000 0.000000
3 -321.341406 222.685862 279.040911 -180.385241
3 -133.798638 13.315577 107.813536 12.669548
3 -24.361747 -18.871619 44.238217 -1.004803
3 -41.987877 37.307421 41.966769 -37.286319
3 -246.170307 211.177662 355.101457 -320.109141
3 -31.983324 -214.435762 249.689816 -3.270705
4 -44.151095 -109.608034 39.803509 113.955657
3 -17.622541 -2.520725 23.119169 -2.975913
3 -83.966677 -17.779491 125.372764 -23.626659
3 -17.214904 -8.554238 32.431644 -6.662535
4 -92.742090 37.980349 -2.987084 57.748814
3 -67.744814 -50.552620 134.713988 -16.416582
4 -13.026962 -9.922237 -8.239213 31.188412
1 77.708912 -51.996825 -87.015878 61.303847
3 -140.668747 25.655457 89.518394 25.494694
3 -121.641888 -18.154000 158.343714 -18.547817
3 -169.291266 -365.042765 313.094918 221.238924
4 -17.234260 -14.288009 -7.020724 38.542994
3 -54.123428 -81.371526 123.242769 12.252244
3 -26.584669 -14.406691 58.477513 -17.486169
3 -0.000000 -68.349801 65.151605 3.198198
3 -10.109866 -69.550138 89.661493 -10.001479
3 -90.251868 20.615276 173.136105 -103.499540
3 -159.855505 7.168408 89.660289 63.026792
3 -278.853135 31.889907 150.733982 96.228946
3 -122.381521 10.350128 93.621232 18.410008
3 -84.857631 -84.839166 184.977485 -15.281139
1 0.000000 0.000000 0.000000 0.000000
3 -54.348544 -35.102244 134.108752 -44.657954
3 -180.851059 -195.361548 619.588592 -243.375983
3 -17.240375 0.000000 17.240375 0.000000
1 0.000000 0.000000 0.000000 0.000000
3 -27.525900 -129.806651 160.984228 -3.651676
3 -90.859158 -296.893725 238.405864 149.347069
4 -24.783534 15.784747 -16.612535 25.611351
4 -95.232040 4.328435 -37.368955 128.272565
3 -220.420295 44.885344 128.560474 46.974523
3 -198.602114 259.989507 294.607931 -355.995463
1 0.000000 0.000000 0.000000 0.000000
4 -0.418678 0.421533 -2.702468 2.699574
3 -60.691394 -0.251743 61.028031 -0.084875
4 -72.487774 -10.608486 7.719984 75.376280
4 -114.553351 -49.580434 44.675016 119.458790
2 -253.258139 354.705467 -162.648917 61.201788
3 -44.056354 -6.301813 57.797923 -7.439782
3 -23.083752 -3.547251 20.344443 6.286571
3 -35.099009 2.955486 30.309314 1.834147
3 -202.981594 -327.471305 476.035625 54.417301
3 -64.844666 -28.191218 120.862673 -27.826787
3 -67.744814 -66.800264 157.573964 -23.028913
1 0.000000 0.000000 0.000000 0.000000
3 -1.516284 -3.856210 9.696906 -4.324411
4 9.921389 -20.433276 -7.625504 18.137428
1 0.000000 0.000000 0.000000 0.000000
3 -155.995257 22.489626 120.372225 13.133437
3 -217.818432 -9.508743 236.686211 -9.359307
3 -188.952670 36.021065 131.246087 21.685279
1 81.299438 -95.714412 79.980795 -65.565834
3 -58.775497 -20.496056 133.441355 -54.169827
3 -214.734802 40.915375 133.983841 39.835622
3 -146.329863 29.818218 106.187763 10.323923
4 -13.776381 26.014709 -82.051352 69.813023
3 -55.450836 -60.418872 137.403838 -21.534064
4 -0.525130 -0.582304 -1.223028 2.330462
3 -146.878793 24.963443 120.529354 1.385921
3 -22.396635 -86.607733 122.907612 -13.903233
3 -214.734802 -221.633749 438.154753 -1.786170
3 -26.021341 -1.152521 28.191647 -1.017714
1 0.000000 0.000000 0.000000 0.000000
3 -175.835934 32.069321 111.897993 31.868367
3 -9.916789 -18.503343 32.944718 -4.524587
3 -19.982044 -21.643060 56.231575 -14.606472
4 -76.079466 -57.683361 47.203739 86.559124
3 -142.818123 -17.568280 173.900625 -13.514380
2 -33.620745 33.806362 30.118169 -30.303783
3 -129.410682 -168.267796 300.092144 -2.413666
4 -0.008037 -0.173190 -0.123207 0.304434
3 -6.111262 -2.964896 23.727634 -14.651475
3 -0.622291 -0.814863 1.638357 -0.201204
2 -185.958031 232.802734 -92.013914 45.168950
3 -170.334496 1.664276 131.805537 36.864450
3 -219.064067 32.710647 148.048504 38.304950
1 0.000000 0.000000 0.000000 0.000000
3 -250.057449 6.121094 341.900324 -97.964326
2 -24.679307 75.589628 -39.794017 -11.116304
4 -14.077197 4.615686 3.732410 5.729076
3 -71.565820 -26.700268 71.242553 27.023545
3 -13.116736 3.951745 19.348094 -10.183088
1 0.000000 0.000000 0.000000 0.000000
3 -79.102370 -20.585067 134.309248 -34.621681
1 0.000000 0.000000 0.000000 0.000000
3 -44.690761 3.707526 75.131112 -34.147822
3 -337.352145 -183.723498 496.752407 24.322971
4 -35.941906 -14.141521 5.353423 44.729982
3 -0.000000 -1.896783 112.576036 -110.679255
3 -166.672253 -16.906400 215.251933 -31.673412
3 -117.359802 -75.493244 189.850088 3.002944
3 -4.521276 -4.523160 13.569023 -4.524587
3 -217.701189 -47.390594 220.693011 44.398855
4 -567.797748 494.542692 -1540.682249 1613.937477
3 -17.406569 -3.783617 20.902362 0.287852
3 -175.835934 -119.166580 267.982893 27.019363
4 -416.781797 59.829796 171.367836 185.583879
3 -4.043946 -27.820055 35.864597 -4.000592
3 -81.748033 -293.835418 232.415047 143.168398
1 0.000000 0.000000 0.000000 0.000000
1 0.000000 0.000000 0.000000 0.000000
3 -87.181728 -230.224542 312.749227 4.657015
3 -83.348528 5.224797 83.834432 -5.710597
1 0.000000 0.000000 0.000000 0.000000
3 -13.507739 -26.794381 60.927745 -20.625919
3 -252.021239 43.207546 165.933089 42.880682
3 -2.012789 0.148105 2.384955 -0.520269
2 -80.179508 53.828609 47.468937 -21.118003
3 -352.836224 -26.442149 481.708771 -102.430208
4 -42.410642 -37.897691 25.187418 55.120950
4 -62.477826 -83.818030 -799.911467 946.207322
3 -13.203954 -97.761784 115.181179 -4.215444
2 -129.173535 236.508112 18.665085 -125.999665
3 -0.948418 -22.542064 21.077249 2.413249
3 -28.549644 -2.874126 98.053745 -66.629954
4 -16.260978 -12.428661 0.970919 27.718720
3 -51.490255 -37.549803 62.943567 26.096511
1 0.000000 0.000000 0.000000 0.000000
3 -21.985825 -5.180304 29.935385 -2.769255
3 -70.334373 12.827728 44.759197 12.747347
3 -35.245083 -5.041450 46.238338 -5.951826
3 -212.702316 39.702112 134.803763 38.196476
3 -29.233520 8.777862 12.574754 7.880818
3 -229.907796 65.043722 129.517874 35.346277
3 -47.534182 -4.877549 57.685907 -5.274202
3 -105.501560 19.241592 67.138796 19.121020
3 -128.840881 24.549225 80.390305 23.901373
3 -5.335970 -187.951626 154.721493 38.566072
3 21.630782 -292.228410 199.186341 71.411271
3 -197.697160 38.655562 144.144816 14.896554
3 -128.840881 24.549225 80.390305 23.901373
1 0.000000 0.000000 0.000000 0.000000
3 -77.072282 -67.401969 251.832517 -107.358264
3 -215.934425 41.099496 135.487807 39.347156
1 0.000000 0.000000 0.000000 0.000000
3 0.096426 0.249281 0.691013 -1.036718
3 -68.619758 -9.863350 114.051813 -35.568638
1 0.000000 0.000000 0.000000 0.000000
3 -110.181598 11.505697 141.775197 -43.099222
3 -109.455137 -77.155594 360.756212 -174.145438
2 -15.466229 49.980749 -18.347353 -16.167169
3 -367.703928 -168.609275 733.096029 -196.782798
3 -23.869910 -209.808595 189.070512 44.607972
4 -2.506901 -582.430115 225.239558 359.697477
3 -175.854798 30.024143 113.993315 31.837088
4 -0.280315 -0.647930 -113.970596 114.898842
4 -60.277617 4.887443 -16.607417 71.997565
3 55.192948 -207.544124 224.740177 -72.388989
4 -21.861227 6.586241 -100.804648 116.079658
3 -248.081447 35.417614 138.601644 74.062072
3 -242.133479 142.987919 270.008559 -170.862967
4 -0.015310 -0.126807 -3.971921 4.114038
1 0.000000 0.000000 0.000000 0.000000
3 -288.751240 39.420870 132.537811 116.792246
3 -10.775235 0.000000 10.775235 0.000000
3 8.228469 -42.095273 36.337013 -2.470203
3 -110.427952 -5.679665 230.377022 -114.269391
2 -0.474781 2.794909 -1.475311 -0.844817
3 -28.539271 -33.731983 88.032579 -25.761325
1 0.000000 0.000000 0.000000 0.000000
4 0.000000 -0.000000 0.000000 0.000000
4 0.000000 0.000000 -9.617969 9.617969
4 -3.149067 -3.104392 1.903176 4.350283
4 -14.900442 -38.896170 6.194232 47.602373
1 81.268481 -51.366356 35.602324 -65.504461
4 -289.405377 64.006009 -14.376979 239.776450
3 -5.674459 -97.287672 117.953493 -14.991366
4 -125.112823 -25.429594 69.014879 81.527543
3 -25.644744 -28.467497 76.191667 -22.079426
4 -5.015599 -3.676924 1.859451 6.833074
3 -13.281452 -594.762948 407.348959 200.695484
4 -3.149067 -3.104392 1.903176 4.350283
3 -255.414339 42.861333 107.829024 104.723873
3 -22.996409 -118.614194 210.900257 -69.289635
4 -64.414188 -36.769242 16.397351 84.786102
4 -214.734802 40.915375 -33.380177 207.199640
3 0.000000 -33.683896 100.562401 -66.878505
3 -83.931973 -15.833293 122.669463 -22.904065
3 -0.703332 -0.370478 1.441401 -0.367591
1 0.000000 0.000000 0.000000 0.000000
1 0.000000 0.000000 0.000000 0.000000
3 -140.953731 -145.740438 257.041573 29.652618
4 -10.809735 -91.466761 32.110381 70.166121
4 -37.742991 -5.345177 8.683638 34.404531
4 -155.307687 -45.347006 20.423553 180.231147
3 -393.720712 -102.333979 633.467950 -137.413206
3 -8.376741 -0.083190 8.591710 -0.131776
3 -39.315631 -243.023554 249.082147 33.257042
3 -214.734802 40.915375 133.983841 39.835622
4 0.000000 -7.587131 -33.026567 40.613700
4 -12.238979 -13.360681 -0.047120 25.646771
4 -21.941337 -28.045855 -140.190420 190.177625
4 -94.495256 3.412844 -41.496398 132.578817
3 -78.886765 -58.863510 92.771134 44.978992
3 -57.717215 -21.041482 199.149598 -120.390847
3 -249.805095 45.600621 157.335220 46.868900
3 -1.199623 0.184121 1.548426 -0.532926
4 -1.432906 19.297893 -38.912492 21.047538
4 2.032486 -24.489168 -132.084619 154.541296
3 -19.032307 -17.951733 58.461404 -21.477508
3 -128.840881 24.549225 114.415424 -10.123746
3 -73.622187 -9.924721 116.163108 -32.616123
4 -30.623361 13.734168 -10.389467 27.278553
3 -19.095928 -42.726490 61.070732 0.751691
3 -36.714979 -64.120985 229.472830 -128.636887
1 0.000000 0.000000 0.000000 0.000000
4 -9.619277 -12.227534 -3.396668 25.243481
4 0.980161 -33.938554 -37.147624 70.106036
1 0.000000 0.000000 0.000000 0.000000
3 -123.124182 -7.833929 204.254405 -73.296179
