3 -5.546151 -4.802791 14.898921 -4.549990
2 -15.914212 6.097334 4.201272 5.615605
3 -7.444601 -7.443141 22.332613 -7.444871
3 -85.943076 -21.227448 127.933467 -20.762931
3 -0.363067 -0.267646 0.898156 -0.267443
4 -21.259349 11.181143 -4.907532 14.985734
3 -19.778927 -18.030697 55.898445 -18.088953
3 -12.497685 -12.493724 37.488991 -12.497582
3 -12.204550 -3.764822 19.502725 -3.533350
3 -23.480659 -22.967326 69.865860 -23.417987
3 -28.405751 -16.096967 98.444836 -53.942116
3 -43.812921 5.968353 47.718041 -9.873517
3 -45.600789 -17.266211 79.948359 -17.081358
3 -46.271749 -17.246454 109.106758 -45.588536
3 -35.007142 -125.793709 185.809295 -25.008441
3 -0.363067 -0.267646 0.898156 -0.267443
3 -2.670764 -2.664390 7.999598 -2.664443
3 -2.924879 -3.004532 8.850059 -2.920648
3 -8.691616 -9.334148 24.191349 -6.165606
3 -0.363067 -0.267646 0.898156 -0.267443
3 -0.363067 -0.267646 0.898156 -0.267443
3 -13.204370 -12.403197 38.873008 -13.265431
3 -15.729791 -6.909670 29.011658 -6.372282
3 -136.416540 -75.686043 281.562304 -69.459737
3 -13.570061 -11.243958 35.853465 -11.039441
3 -2.670764 -2.664390 7.999598 -2.664443
3 -80.988027 -58.274712 203.410479 -64.147731
3 -0.363067 -0.267646 0.898156 -0.267443
3 -65.749452 -26.852151 111.044721 -18.443229
3 -10.436700 -10.557346 31.994777 -11.000871
3 -9.857481 -9.421589 28.873390 -9.594460
3 -53.916528 -34.345943 123.627943 -35.365563
3 -12.497685 -12.493724 37.488991 -12.497582
3 -19.953384 -16.197566 52.590849 -16.439947
3 -1.200140 -1.021322 3.223974 -1.002512
3 -37.063104 -189.878788 198.033930 28.907994
3 -8.730691 -8.303986 26.047224 -9.012659
4 -1.938420 -8.455882 -77.398802 87.793108
4 0.117647 -34.407217 -111.253778 145.543379
3 -24.016874 -23.604023 70.645504 -23.024689
4 -15.939353 14.444532 -26.557524 28.052347
3 -0.363067 -0.267646 0.898156 -0.267443
3 -0.813468 -0.897980 2.202314 -0.490866
3 -29.012065 -26.613824 82.609895 -26.983974
3 -35.288809 -19.023484 73.316162 -19.003871
3 -13.886240 -10.221197 34.540901 -10.433524
3 -13.499812 -12.549742 38.558578 -12.509176
3 -12.061574 -11.447408 35.373344 -11.864559
3 -41.793781 -18.568844 78.364054 -18.001454
3 -6.898182 -6.893449 20.689636 -6.898005
3 -8.491241 -8.040109 24.699861 -8.168652
3 -13.478427 -12.487338 38.109588 -12.143828
3 -3.105074 -2.659247 8.486759 -2.722494
3 -5.701886 -5.494861 13.099128 -1.902381
3 -45.305855 -20.868882 147.501089 -81.326450
3 -17.190145 -11.227217 18.292208 10.125153
3 -9.702215 -3.813901 17.606141 -4.090030
3 8.828193 -23.867593 31.896701 -16.857327
3 -38.369358 -7.833446 39.989956 6.212813
3 -32.140164 -28.942830 90.136624 -29.053853
3 -41.038031 -16.899172 74.006003 -16.068792
3 -12.684157 -12.710974 37.561607 -12.166483
3 -47.533807 -46.653296 137.127926 -42.940845
3 -13.035401 -12.834526 38.656698 -12.786793
3 -28.732405 -26.111308 79.006685 -24.163118
3 -0.363067 -0.267646 0.898156 -0.267443
2 -29.853782 33.222740 -33.604255 30.235310
3 -18.480275 -22.325548 38.280930 2.524838
3 -13.708466 -12.628532 38.483278 -12.146278
3 -16.957459 -13.840447 44.585046 -13.787247
3 -100.168329 -88.331039 269.400904 -80.901585
3 -20.492437 -28.531270 55.343998 -6.320298
3 -8.976141 -8.555106 25.880112 -8.348878
3 -29.009249 -27.607049 82.639581 -26.023312
3 -41.984977 -33.969914 113.012562 -37.057690
3 -20.382029 7.287161 19.483324 -6.388516
3 -6.526617 -11.204135 21.361569 -3.630817
3 -10.720186 -1.702939 16.116083 -3.692955
3 -10.316870 -10.309820 30.946276 -10.319586
3 -7.120793 -7.579714 23.917621 -9.217065
3 -17.609202 -4.804359 27.376228 -4.962655
3 -26.366680 -1.146745 30.718341 -3.204939
3 -17.053173 3.586087 9.104144 4.362932
3 -11.770664 -9.548401 31.110248 -9.791380
3 -46.031485 -12.465897 58.933096 -0.435701
3 -21.428978 -17.827877 55.494268 -16.237443
3 -0.363067 -0.267646 0.898156 -0.267443
4 -0.813468 -0.897980 -165.091655 166.803102
4 -137.654685 -34.233561 -29.741266 201.629265
4 -32.305002 -31.770190 30.561655 33.513499
3 -0.363067 -0.267646 0.898156 -0.267443
3 -12.708641 -11.923531 43.641533 -19.009362
3 -29.838396 -22.878798 77.548779 -24.831533
3 -2.578862 -50.887214 35.560361 17.905712
3 -60.217324 -59.427061 181.495329 -61.850942
3 -23.350760 -4.653858 74.553683 -46.549078
3 -14.131583 -13.007012 39.680206 -12.541640
3 -20.464545 -20.472111 62.581034 -21.644380
3 -15.003547 -14.083212 44.761073 -15.674316
3 -9.944062 -10.178929 25.323349 -5.200357
3 -26.660174 -25.296377 77.061491 -25.105135
3 -15.408846 -12.736452 40.436937 -12.291670
3 -25.807731 -10.569242 46.763435 -10.386465
2 -16.610417 75.170877 74.053907 -132.614370
3 -1.768132 -1.764216 5.408368 -1.876020
3 -7.538411 -4.689304 17.362165 -5.134456
3 -22.961222 -20.602639 64.592093 -21.028244
3 -16.272409 -12.439003 39.868011 -11.156654
3 -27.362078 -16.314442 60.210634 -16.534138
3 -1.931241 -1.896093 5.917984 -2.090651
2 -2.924024 5.700320 -6.121730 3.345486
3 -33.967294 -30.697720 93.686041 -29.021104
3 -11.989281 -9.320658 29.924529 -8.614583
3 -2.924879 -3.004532 8.850059 -2.920648
3 -13.876104 -7.667411 27.903365 -6.359826
3 -74.019945 42.784984 107.185878 -75.950975
3 -38.703646 0.457452 40.308905 -2.062711
3 -15.393165 -15.320784 46.189400 -15.475509
3 -11.431994 -10.076880 31.106369 -9.597620
4 -20.421557 -28.445571 -87.408294 136.275411
3 -3.966917 -3.846349 11.100885 -3.287606
3 -27.588375 -27.930032 82.676067 -27.157649
3 1.319500 -11.998849 9.228443 1.450909
3 -2.156397 -1.364653 6.728072 -3.207021
3 -10.723657 -52.444915 61.897543 1.270891
3 -16.651171 -16.321973 48.828402 -15.855321
3 -5.608216 -5.120738 15.672271 -4.943328
4 -21.112050 -22.125419 -35.965586 79.203053
3 -22.423764 -23.166687 68.905306 -23.314854
3 -2.670764 -2.664390 7.999598 -2.664443
3 -76.263227 21.598041 170.653258 -115.988085
3 -22.200034 -23.442469 46.264833 -0.622472
3 -10.197722 -9.367193 28.599620 -9.034727
3 -22.556238 -9.930623 42.550087 -10.063229
1 77.076012 -29.422388 34.114612 -81.768222
3 -50.438186 -41.609427 133.304705 -41.257046
4 -46.624260 -30.868041 20.189184 57.303098
3 -7.668925 -7.223945 22.029246 -7.136390
3 -47.320936 -6.303196 56.551056 -2.926929
3 -0.363067 -0.267646 0.898156 -0.267443
3 -39.671973 2.694504 55.290127 -18.312688
3 -28.945645 -13.082682 158.553580 -116.525206
3 -59.011687 -37.752310 192.686524 -95.922578
3 -12.859751 -12.901608 38.517265 -12.755908
3 -11.239753 -10.986870 33.313362 -11.086823
3 -12.497685 -12.493724 37.488991 -12.497582
3 -23.946729 -18.044043 64.083767 -22.093006
3 -0.023806 -0.023816 0.284592 -0.236970
4 -24.209592 -20.793835 -47.697850 92.701216
3 -32.713908 -15.605035 47.042554 1.276281
3 -19.631831 -19.819067 59.719468 -20.268684
3 -18.184574 -16.996556 54.752019 -19.571086
3 -78.148733 -78.153421 235.075529 -78.773368
3 -8.196559 -8.622488 25.049620 -8.230574
3 -36.696585 -19.254488 72.222239 -16.271079
3 -28.415925 -24.345032 76.985899 -24.225015
3 -9.192447 -8.440666 25.253374 -7.620285
3 -42.918986 -33.470841 107.250423 -30.860697
3 -34.760564 -10.353224 56.161245 -11.047453
3 -9.670345 -6.340678 22.165323 -6.154355
3 -24.125571 -25.018605 75.668732 -26.524558
3 -10.316870 -10.309820 30.946276 -10.319586
3 -111.751572 0.522915 109.918141 1.310507
3 -11.376556 -11.424370 33.397046 -10.596133
3 -77.852567 11.992992 53.609333 12.250127
3 -29.406400 -8.941597 47.804044 -9.456046
3 -6.730848 -5.705283 17.932147 -5.496001
4 -53.378105 55.070245 -112.420780 110.728624
3 -46.273668 -31.639166 110.556455 -32.643843
3 -51.089107 -53.864720 156.886798 -51.932966
3 -18.715214 -13.305420 46.268482 -14.247871
3 -31.717322 -27.568497 87.877713 -28.591890
3 -7.537771 -7.313006 22.743666 -7.892886
3 -0.391347 -0.311982 0.995201 -0.291872
3 -11.677784 -10.650568 34.022904 -11.694546
3 -11.227051 -8.943599 29.052728 -8.882174
4 -13.136982 -11.787803 9.136036 15.788745
3 -12.014099 -10.974768 33.648624 -10.659758
4 -27.205180 -26.069749 26.480294 26.794634
3 -20.792794 -5.269061 30.360739 -4.298886
3 -45.901697 -12.307455 71.037629 -12.828572
3 -0.363067 -0.267646 0.898156 -0.267443
3 -83.232882 -47.406577 178.316815 -47.677352
3 -80.825791 -74.980977 239.774096 -83.967327
3 -86.378401 -90.562403 174.726511 2.214284
3 -53.480039 -40.981139 140.618876 -46.157697
3 -57.175705 -38.823003 135.323457 -39.324747
3 -33.196684 -29.066112 91.135196 -28.872407
2 0.538857 36.319969 3.760547 -40.619373
3 -10.485427 -9.644657 29.427613 -9.297553
3 -10.416284 -33.854879 121.062231 -76.791067
3 -14.794971 -71.363273 97.775580 -11.617339
3 -21.174592 -14.254178 20.257656 15.171146
3 -5.222018 -5.112480 15.986811 -5.652312
3 -0.363067 -0.267646 0.898156 -0.267443
4 -14.901138 -9.288719 -35.714064 59.903830
3 -39.835087 -7.724653 47.747286 -0.187584
3 -19.728743 -16.494017 53.616836 -17.394037
3 -12.497685 -12.493724 37.488991 -12.497582
3 -21.085010 -15.471744 52.419192 -15.862522
3 -22.356704 -15.754761 134.607520 -96.496061
3 -12.989418 -12.948701 38.874064 -12.935947
3 -26.397933 -25.323820 76.569511 -24.847790
3 -44.808687 8.659442 24.326845 11.822271
3 -21.510379 -19.060913 59.546839 -18.975712
3 -2.967497 -2.907469 8.770272 -2.895306
3 -3.862562 -3.821318 11.494299 -3.810420
3 -36.644989 -9.359993 48.046148 -2.041187
3 -26.870039 -29.906110 82.737815 -25.961690
3 -10.503989 -9.174664 40.920512 -21.241857
3 -17.682665 -13.285228 51.249096 -20.281201
3 -25.830421 -18.643313 53.344467 -8.870732
4 -26.521592 -24.357380 10.313303 40.565688
3 -12.497685 -12.493724 37.488991 -12.497582
3 -8.896773 -26.145484 46.141931 -11.099674
3 -85.669538 -40.268260 160.529275 -34.591466
4 -42.510926 -14.792593 22.467998 34.835500
3 -36.830914 -36.690273 142.090746 -68.569563
3 -41.206226 -74.721047 101.065339 14.861932
3 -20.711800 -18.841395 58.319398 -18.766221
3 -47.518964 -15.265158 76.921266 -14.137152
3 -7.575577 -7.500391 22.964430 -7.888461
3 -47.994468 -7.103049 33.760830 21.336717
3 -14.797915 -12.442330 44.076138 -16.836030
3 -25.551972 -7.087795 39.603984 -6.964208
3 -6.885479 -4.850178 16.429002 -4.693357
3 -27.889712 -23.837375 76.661403 -24.934530
3 -11.545131 -11.455971 34.011173 -11.010071
3 -29.410307 -58.223781 164.536957 -76.902869
4 -45.260154 -7.234022 22.793594 29.700580
3 -0.363067 -26.310303 73.081408 -46.408037
4 -27.979028 -23.540736 -20.916028 72.435783
3 -9.249890 -5.862597 20.884711 -5.772237
3 -2.555263 -16.006621 31.413402 -12.851524
3 -7.261249 -7.161095 21.587793 -7.165448
3 -7.354551 -7.033895 21.280563 -6.892127
3 -25.366656 -24.161063 73.496984 -23.969357
3 -24.800973 -35.564235 61.962270 -1.597065
2 -21.136728 55.024834 -17.711652 -16.176455
3 -27.821549 -6.321429 38.488362 -4.345381
3 -60.052643 -52.622689 112.231249 0.443984
3 -21.898538 -91.011475 69.363289 43.546681
3 -16.994728 -16.621388 50.091736 -16.475630
3 -1.467108 -12.644213 53.569253 -39.457933
3 -117.029445 23.592023 115.724047 -22.286646
3 -7.444601 -7.443141 22.332613 -7.444871
3 -64.358813 5.904751 146.504258 -88.050188
3 -43.219387 -38.076627 100.410289 -19.114266
3 -61.746385 -61.081739 194.564330 -71.736244
3 -50.093221 -191.990249 187.224335 54.859139
3 -16.813314 -59.090760 70.629425 5.274646
3 -22.332340 -21.593271 65.190454 -21.264867
3 -0.363067 -0.267646 0.898156 -0.267443
3 -20.821216 -19.226602 59.490107 -19.442373
3 -7.444601 -10.631368 26.913983 -8.838014
3 -63.140484 -34.080353 125.864817 -28.643916
3 -6.887099 -6.125876 18.116868 -5.103892
3 -0.363067 -0.267646 0.898156 -0.267443
3 -23.320771 -80.528561 100.490408 3.358957
3 -0.494799 -0.358376 1.196628 -0.343453
3 -32.395051 -106.439251 123.426755 15.407514
3 -35.909675 -33.961401 102.942579 -33.071469
4 -54.355583 -28.488179 33.310628 49.533137
3 -39.472382 7.100846 74.907902 -42.536480
4 -0.692315 -0.215185 -1.307759 2.215259
3 -127.095697 -21.649637 165.191809 -16.446544
3 -37.724658 -46.806937 127.767145 -43.235552
3 -21.363044 -26.832409 58.090522 -9.895064
4 -0.355918 -0.411256 -1.534235 2.301409
3 -27.313627 -17.043413 61.765401 -17.408524
3 -3.202121 -3.229811 9.618039 -3.186107
3 -22.318662 -24.138323 62.254111 -15.797124
3 -34.052323 -32.704085 99.089194 -32.332734
4 6.640591 -1.163673 -16.445184 10.968271
3 -10.967349 -8.925822 16.010998 3.882212
3 -15.973662 -10.891754 38.483559 -11.618148
3 -24.444021 -15.358429 55.341691 -15.539256
3 -149.151261 -47.923525 155.817539 41.257152
3 -9.101539 -9.194707 27.576112 -9.279879
4 -25.188428 -24.998104 15.598271 34.588258
3 -6.898182 -6.893449 20.689636 -6.898005
3 -7.444601 -7.443141 22.332613 -7.444871
3 -89.367504 -27.362342 124.242482 -7.512995
3 -29.608773 -5.583878 33.189492 2.003170
3 -10.316870 -10.309820 30.946276 -10.319586
3 -18.418487 -16.111012 50.592084 -16.062587
3 -0.363067 -0.267646 0.898156 -0.267443
3 -12.375687 -12.345778 36.967270 -12.245824
3 -22.319401 -20.915676 63.448066 -20.212976
3 -10.775733 -10.631243 31.447298 -10.040322
3 -63.364345 -28.856116 118.157781 -25.937325
3 -30.084561 -27.230314 81.561774 -24.246979
4 -12.623117 -12.250740 4.558512 20.315150
3 -26.966936 -25.224648 76.902787 -24.711188
3 -46.729113 -31.798222 107.931089 -29.403705
4 -6.500892 -4.579867 -5.261087 16.341842
4 -30.178613 10.752799 -3.104634 22.530454
3 -10.197722 -9.367193 28.599620 -9.034727
4 -20.991695 -24.851152 -62.035167 107.878016
3 -25.966556 -32.963567 58.047916 0.882208
3 -49.673293 -29.359699 108.198792 -29.165809
3 -25.308963 -25.517119 75.937939 -25.111861
3 -67.725913 -45.619668 156.865193 -43.519586
3 -5.023418 -4.681649 14.317655 -4.612600
3 -73.759380 0.684769 151.084135 -78.009492
3 -13.459584 -13.125408 41.018174 -14.433157
3 -86.825043 -56.361172 196.075551 -52.889285
3 -58.596319 -40.093929 151.986572 -53.296405
3 -27.719179 -26.781459 80.948866 -26.448268
4 -47.458760 -46.651880 38.304909 55.805785
4 -49.494508 -35.465004 38.690172 46.269343
3 -12.497685 -12.493724 37.488991 -12.497582
3 -13.573807 -13.630938 39.744100 -12.539371
3 -0.363067 -0.267646 0.898156 -0.267443
3 -0.363067 -0.267646 0.898156 -0.267443
3 -6.263860 -5.727374 17.519035 -5.527813
3 -13.623927 -1.792929 18.103265 -2.686409
3 -9.132083 -10.721778 28.106304 -8.252443
4 -14.395078 -28.567438 14.918763 28.043806
3 -21.642097 -20.732918 65.271735 -22.896717
3 -6.464328 -2.917423 11.960480 -2.578734
4 -11.898512 0.201704 3.495262 8.201538
3 -24.573342 -22.589453 69.959713 -22.796896
3 -69.383619 -51.563752 164.608019 -43.660703
3 -14.747019 -15.090849 44.345666 -14.507798
3 -12.497685 -12.493724 37.488991 -12.497582
3 -36.392586 -29.385851 126.359522 -60.581071
3 -28.998478 -27.355966 56.791946 -0.437636
3 -6.330672 0.697863 4.744931 0.887878
3 -14.196289 -13.950109 42.633637 -14.487336
3 -31.242868 -30.845605 92.393757 -30.305258
3 -11.498400 -9.600641 29.046252 -7.947200
3 -11.096308 -11.042261 33.159342 -11.020777
3 -54.184314 -29.780790 106.529190 -22.564084
3 -9.222995 -8.691086 25.661143 -7.747063
3 -6.640583 -6.350080 19.523633 -6.532973
3 -26.218240 -14.979834 55.993720 -14.795932
3 -11.239753 -10.986870 33.313362 -11.086823
3 -30.817200 -29.441683 90.645052 -30.386246
3 -8.567431 -8.168396 24.652973 -7.917287
4 -23.654815 2.670205 6.827726 14.156878
3 -25.668164 -18.500608 59.802647 -15.633885
3 -5.301261 -3.449650 12.175379 -3.424468
3 -28.367839 -22.160892 72.797315 -22.268722
3 -18.329203 -16.028422 49.698209 -15.340585
3 -16.769804 -16.364471 49.536333 -16.402077
3 -23.393219 -17.780104 57.497943 -16.324738
3 -105.969865 -74.690773 125.605628 55.054892
3 -7.444601 -7.443141 22.332613 -7.444871
3 -5.443199 -9.867291 16.739078 -1.428599
3 -27.620454 -23.939311 69.521388 -17.961629
3 -43.886842 -36.753307 119.636981 -38.996826
3 -31.456208 -27.476198 85.676373 -26.743998
3 -1.768132 -1.764216 5.408368 -1.876020
3 -41.660910 -29.535407 113.795617 -42.599314
3 -16.181548 -14.709710 45.175026 -14.283768
3 -19.888549 -19.280229 62.949414 -23.780834
3 -9.903591 -9.464144 28.755636 -9.387966
3 -25.239454 -9.598039 44.185317 -9.347918
3 -43.665193 -40.651579 106.182011 -21.865349
3 -11.664386 0.065755 11.766467 -0.167920
3 -30.976511 -27.844169 85.827155 -27.006604
3 -37.164532 -36.260546 108.966053 -35.540968
3 -28.271049 -14.792810 56.102807 -13.038996
4 -76.011978 12.649452 -124.656363 188.018877
3 -33.290857 -29.746071 91.420971 -28.384126
3 -112.911144 -111.256665 417.381398 -193.213571
3 -7.353465 -7.133842 22.587138 -8.099831
3 -31.137768 -0.282455 21.272581 10.147646
4 -0.708408 -0.566345 -34.205105 35.479858
3 -45.573202 -18.399978 92.482222 -28.509008
2 -9.960885 28.968331 -9.139597 -9.867849
4 -30.772357 -11.282868 1.354932 40.700294
3 -14.418994 3.499753 8.025255 2.893988
3 -49.019240 -21.786160 92.939462 -22.134146
3 -16.836555 -1.966421 20.627822 -1.824839
3 -49.471757 -34.505541 49.909638 34.067638
3 -10.316870 -10.309820 30.946276 -10.319586
3 -52.482935 -30.740692 113.080902 -29.857269
3 -32.496213 -26.191518 82.766598 -24.078907
3 -31.158309 -23.875959 78.375209 -23.340996
3 -6.263860 -5.727374 17.519035 -5.527813
3 -18.314073 -17.070268 51.088907 -15.704607
3 -25.570986 -20.933922 67.458182 -20.953247
4 -20.612009 -11.897573 -0.771408 33.280975
3 -12.652102 -11.956640 36.413226 -11.804483
3 -2.578862 -2.578445 8.317433 -3.160126
3 -21.186342 -19.936947 59.702570 -18.579322
3 -45.271810 -34.339814 110.897021 -31.285598
2 -24.283654 67.433259 -43.069415 -0.080222
4 -76.692321 -32.379114 -148.100899 257.172327
3 -23.137247 -22.648607 37.592801 8.192979
3 -46.863503 -39.924430 145.609327 -58.821452
4 -55.467129 -6.974435 -3.855527 66.297066
3 -22.165834 -13.960223 45.761699 -9.635710
3 -15.008886 -12.837114 40.295229 -12.449229
3 -29.328544 -35.678583 99.967678 -34.960628
3 -45.726826 -2.577220 49.303237 -0.999178
3 -14.262714 -1.330082 9.789278 5.803538
3 -48.656987 -6.268682 45.057641 9.868041
3 -22.359447 -19.291822 58.647656 -16.996408
3 -15.687987 -5.230875 25.905988 -4.987266
3 -47.390782 -37.257628 121.954100 -37.305800
3 -23.571307 -23.456344 52.758501 -5.730857
3 -55.421873 3.261847 48.743062 3.416964
3 -52.997729 -57.194199 167.586011 -57.394305
3 -44.519476 -12.508502 68.586522 -11.558540
3 -26.232288 -24.537239 71.359481 -20.590037
3 -32.062029 -13.717777 47.846948 -2.067133
2 -15.471436 52.077235 -21.292108 -15.313692
3 -4.296929 -3.907465 11.978742 -3.774356
3 -37.645251 -35.571601 109.737536 -36.520634
3 -29.252162 -7.873210 44.351268 -7.225891
4 -21.011825 -26.627641 16.375824 31.263616
3 -84.512186 -17.633767 62.680476 39.465484
3 -35.670843 -38.996156 89.500888 -14.833881
3 -36.236117 -27.526556 91.916390 -28.154041
3 -10.654003 -6.142107 21.684204 -4.888096
3 -176.709091 -1.378847 106.605083 71.482828
4 -31.788895 -0.156936 14.803447 17.142378
3 -80.806719 -74.409996 229.105089 -73.888567
3 -23.204347 -15.224749 55.458254 -17.029173
3 -34.083464 -16.330105 66.992166 -16.578617
3 -39.072426 -41.582615 118.247580 -37.592678
3 -0.641126 -0.268212 1.093708 -0.184370
3 -27.327787 -28.550683 83.056493 -27.178042
3 -20.503144 -19.633979 59.445709 -19.308584
3 -19.759218 -26.373225 71.174278 -25.041837
3 -46.203254 -44.790538 133.265817 -42.272051
3 -77.277390 -58.796592 120.590697 15.483268
3 -2.259865 -2.219194 6.793441 -2.314384
3 -50.139418 -37.250341 123.401405 -36.011681
1 28.358891 -21.977043 13.585269 -19.967138
4 -0.973143 -0.474215 -1.141954 2.589312
3 -19.173049 -17.226339 53.988348 -17.588984
3 -9.451071 -5.401363 20.765305 -5.912874
3 -72.013529 -63.095462 199.563596 -64.454627
3 -55.619705 -40.006194 94.228881 1.397029
3 -15.014421 -11.160819 37.311327 -11.136066
3 -37.698754 -31.697285 99.431737 -30.035779
3 -6.271719 -6.695217 19.189660 -6.222736
3 -10.246841 -9.805271 30.008043 -9.956071
3 -14.050482 -6.666070 27.372723 -6.656188
4 -16.524748 -5.026531 -76.592074 98.143357
3 -40.256728 -32.460789 103.044880 -30.327461
3 -12.414161 -10.435643 32.950557 -10.100746
4 -2.979844 -2.338996 -0.847933 6.166716
3 -33.391420 -21.476852 74.946396 -20.078249
3 -59.333016 1.390111 48.263883 9.679017
2 -21.043971 50.422173 -3.828970 -25.549239
3 -12.497685 -12.493724 37.488991 -12.497582
3 -27.457858 -26.331359 80.042599 -26.253403
2 -11.270927 31.763420 -5.904132 -14.588359
4 -0.114798 -0.011114 -0.247202 0.373115
3 -21.447170 -13.014033 47.805892 -13.344748
3 -34.944798 -32.754120 48.839068 18.859851
3 -14.069518 -12.689065 38.906856 -12.148303
3 -50.059384 -16.830694 82.336703 -15.446648
3 -10.346062 -10.194931 31.114896 -10.573899
3 -0.854800 -0.722623 2.283230 -0.705807
3 -6.263860 -5.727374 17.519035 -5.527813
3 -27.613586 -26.873038 78.960834 -24.474280
3 -67.167372 -53.925369 175.599524 -54.506786
3 -44.375486 5.111600 27.927817 11.336064
3 -19.030483 -16.733325 52.502028 -16.738207
3 -28.403621 -24.047442 74.404996 -21.953979
3 -35.430735 -11.849939 30.131528 17.149160
3 -47.921737 -45.154254 137.258730 -44.182721
3 -48.109082 -19.199096 62.983798 4.324388
3 -10.966348 -5.671569 26.490880 -9.852965
3 -38.538084 -26.503958 92.415679 -27.373649
3 -26.196827 -37.953601 67.524514 -3.374079
3 -0.363067 -0.267646 0.898156 -0.267443
3 -16.844836 -15.691385 48.037179 -15.500993
3 -55.266461 -25.215517 77.994038 2.487829
3 -48.275303 10.290410 73.936381 -35.951485
3 -18.463632 -17.285605 49.414754 -13.665590
3 -46.628319 -39.625305 122.007248 -35.753771
3 -15.655010 -13.770902 40.017457 -10.591549
3 -42.774190 -41.450548 124.763296 -40.538671
3 -7.376483 -6.498900 19.537006 -5.661648
3 -24.671949 -23.093136 69.300354 -21.535375
3 -19.107700 -22.215446 58.374601 -17.051546
3 -39.270522 -26.580027 88.323411 -22.472893
3 -22.061226 -21.386569 77.447488 -33.999699
3 -13.583336 -13.067643 39.671390 -13.020413
3 -2.503825 -6.858309 16.835319 -7.473184
3 -73.010666 -45.493148 104.820552 13.683301
3 -16.818058 -15.977164 48.401173 -15.605964
3 -107.954381 -32.040197 145.286445 -5.291937
3 -8.447491 -3.375715 15.313515 -3.490308
3 -10.711164 -8.921386 28.450898 -8.818350
3 -32.959612 -21.430894 75.248757 -20.858243
3 -13.118003 -10.038860 32.510267 -9.353368
3 -35.906597 -32.585663 110.533330 -42.041104
3 -22.662648 -5.317843 42.393715 -14.413311
3 -8.301849 -24.622126 39.682441 -6.758503
3 -89.395879 9.610569 185.238848 -105.453631
3 -16.042666 -10.666539 38.340694 -11.631510
4 -31.260025 -27.461789 -4.848683 63.570479
3 -30.498522 -24.336094 76.241371 -21.406779
3 -44.219725 -38.981025 139.974088 -56.773390
3 -112.134759 -22.331903 147.159541 -12.692904
3 -7.444601 -7.443141 22.332613 -7.444871
3 -9.506808 -44.045670 45.482529 8.069946
4 -3.231658 3.174400 -11.343028 11.400294
3 -51.125939 -18.530059 82.079724 -12.423730
3 -55.183987 -40.923489 123.913786 -27.806500
3 -27.211052 -25.516086 44.695589 8.031468
3 -36.531700 19.023636 25.064846 -7.556792
3 -27.153829 -10.717614 51.567894 -13.696431
3 -11.923568 -8.076500 24.227889 -4.227801
3 -1.276968 -1.229922 3.728839 -1.221949
4 -17.615158 -27.482330 -30.036671 75.134088
3 -97.687675 -8.217970 112.223007 -6.317395
3 -9.088192 -10.834196 33.878425 -13.956036
3 -1.768132 -1.764216 5.408368 -1.876020
3 -11.320551 -9.841000 28.844608 -7.683079
3 -0.931628 -0.931224 2.788095 -0.925243
3 -10.316870 -10.309820 30.946276 -10.319586
4 -26.163037 -127.181649 66.014816 87.329840
3 -0.363067 -0.267646 0.898156 -0.267443
3 -18.501116 -5.682699 30.376149 -6.192384
3 -15.604314 -25.990635 51.021857 -9.426880
3 -21.995442 -19.901855 48.132214 -6.234898
3 -7.423907 -6.183598 20.113564 -6.506032
4 -34.008013 -1.304151 -26.447374 61.759536
3 -11.504765 -6.186392 27.400050 -9.708892
3 -12.923883 -12.023110 18.587021 6.359969
3 -37.443607 -23.315483 56.482004 4.277110
3 -0.854800 -0.722623 2.283230 -0.705807
3 -20.903070 -4.113349 18.902156 6.114200
4 -38.793750 -5.909653 20.528052 24.175351
4 -15.191846 1.292401 -4.486661 18.386105
3 -26.731609 -13.894318 53.699603 -13.073669
3 -26.357582 -3.114247 31.761463 -2.289719
3 -37.036177 -9.638125 54.231430 -7.557087
3 -20.513225 -17.393899 54.564370 -16.657250
3 -23.654097 -19.853464 63.149649 -19.642040
3 -6.965548 -6.969002 20.936957 -7.002406
3 -20.225519 -17.116436 53.736376 -16.394424
3 -128.171785 -34.972712 168.874664 -5.730260
3 -23.834790 -19.057804 59.731201 -16.838822
3 16.648735 -27.495207 39.148483 -28.302094
3 -28.859939 -29.907065 88.253409 -29.486437
3 -43.892036 -33.892003 97.570946 -19.787038
3 -3.468036 -1.966581 7.173072 -1.738441
3 -7.013281 -6.617308 20.182483 -6.551905
3 -32.244414 -23.276122 74.180020 -18.659472
4 -9.149528 -7.624892 -24.094407 40.868826
3 -28.524531 -22.428953 64.478720 -13.525376
3 -45.265676 -13.514089 70.660149 -11.880405
3 -31.508391 -24.218429 73.962432 -18.235762
3 -18.398478 -17.953452 54.109869 -17.757953
3 -42.950632 -28.762698 87.122731 -15.409486
3 -13.050735 -8.593070 30.662291 -9.018459
3 -69.730271 3.760553 62.141032 3.828694
3 -42.763599 -20.649247 69.412571 -5.999959
3 -6.898182 -6.893449 20.689636 -6.898005
4 -12.710142 0.717545 -23.654327 35.646929
3 -25.165233 -4.801136 96.421225 -66.454835
3 -26.266201 -25.233090 76.271040 -24.771780
3 -61.955707 -12.572407 86.561107 -12.032998
3 -83.328417 -19.479297 119.028797 -16.221094
3 -33.217148 -30.098301 91.733037 -28.417588
3 -2.570522 -2.557249 7.712623 -2.584853
3 -62.388808 -42.886229 148.591142 -43.316248
3 -7.444601 -7.443141 22.332613 -7.444871
3 -54.171087 -17.951115 90.759291 -18.637154
4 -22.073007 -17.520460 -35.784932 75.378401
3 -0.658891 -1.033178 2.177602 -0.485533
3 -30.515718 -17.414082 67.918591 -19.988773
3 -102.767946 -41.156163 189.082627 -45.158601
3 -23.664689 -20.191183 33.714255 10.141626
3 -57.575619 7.658383 29.541470 20.375743
3 -26.074399 -24.375584 73.948543 -23.498636
3 -27.378729 -13.196808 52.750802 -12.175242
3 -9.013797 -5.564175 34.677072 -20.099129
3 -0.363067 -0.267646 0.898156 -0.267443
3 -27.385405 -21.404572 69.806912 -21.016952
3 -9.418014 -10.265222 21.396764 -1.713542
3 -112.891346 -17.486927 152.807380 -22.429110
3 -32.182400 -31.178473 93.083642 -29.722747
3 -7.267995 -6.926771 20.769998 -6.575280
3 -3.517221 -3.522619 10.553555 -3.513715
3 -0.363067 -0.267646 0.898156 -0.267443
3 -10.498236 -9.624304 27.975043 -7.852475
3 -12.752537 -12.507174 35.920699 -10.660990
3 -18.636290 -18.111153 55.282197 -18.534762
3 -32.987406 -14.545073 61.955368 -14.422879
3 -11.510927 -11.573268 34.612978 -11.528783
3 -27.778480 -14.789686 49.933987 -7.365802
3 -18.420377 -7.356430 33.059764 -7.282951
3 -37.466579 -40.307898 109.641097 -31.866648
3 -27.085509 -19.592770 58.346922 -11.668631
3 -24.853226 -22.777595 70.742786 -23.111988
3 -21.590482 -12.360114 40.320538 -6.370041
3 -9.616554 -7.841638 23.742709 -6.284488
3 -35.218717 -22.543026 66.535716 -8.773961
3 -17.049374 -16.288098 47.608927 -14.271463
3 -12.770467 -12.480272 37.814106 -12.563377
4 -37.963217 -20.254833 22.227092 35.991004
3 -184.778081 -26.829006 107.131594 104.475413
3 -51.789821 -15.188967 83.751867 -16.773223
4 -63.368841 -62.775815 21.356828 104.787794
3 -69.069727 -71.809496 85.832557 55.046684
3 -91.056899 -15.882899 123.720782 -16.781135
3 -8.230791 -7.547284 23.059327 -7.281270
3 -0.996113 -0.843808 2.666894 -0.826975
3 -1.017645 -0.464189 1.950793 -0.468957
4 -7.444601 7.039063 -10.317155 10.722690
3 -41.647232 -41.048593 123.610460 -40.914657
3 -7.331115 -18.513030 25.154706 0.689426
3 -62.676114 -43.273603 141.046867 -35.097149
3 -150.426752 18.689549 96.726233 35.010970
3 -19.993723 -13.289822 45.474623 -12.191071
3 -19.906848 -9.039105 37.707006 -8.761055
4 -26.887571 -26.122176 -18.283347 71.293095
3 -12.497685 -12.493724 37.488991 -12.497582
3 -20.799228 -29.745937 73.125404 -22.580280
4 -9.211478 -12.228326 4.672557 16.767246
3 -10.092408 -8.504799 27.090506 -8.493299
3 -46.190251 -43.593531 88.294502 1.489185
3 -1.140649 -2.537634 2.623615 1.054668
3 -0.708408 -0.566345 1.838900 -0.564148
3 -18.735335 -13.964014 16.631580 16.067779
3 -36.127487 -30.632051 95.821546 -29.062051
3 -37.038618 -36.928484 109.210849 -35.243766
4 -44.174644 -42.509953 30.959898 55.724683
3 -10.404587 -10.709841 33.318963 -12.204545
3 -16.392480 -14.526392 45.947195 -15.028342
3 -37.110380 -33.470906 103.598474 -33.017296
3 -14.879687 -16.034876 45.192320 -14.277774
3 -13.199807 -8.406795 31.110715 -9.504156
3 -6.845437 -4.782531 19.422707 -7.794738
3 -18.686510 -17.149753 52.599731 -16.763500
3 -3.059577 -3.474509 9.687647 -3.153550
3 -30.761408 -24.532556 79.297237 -24.003356
3 -28.958634 -2.513213 33.223001 -1.751157
3 -25.249946 -23.262458 71.439854 -22.927642
3 -30.214294 -28.665163 88.496982 -29.617598
3 -22.037876 -9.287246 40.947023 -9.621923
3 -44.355240 -55.487141 149.669501 -49.827331
3 -25.135723 -26.815247 75.955115 -24.004187
3 -29.914189 -17.107259 63.876028 -16.854727
3 -14.561834 -14.332857 43.432831 -14.538157
3 -21.870934 -25.696818 65.363676 -17.795926
3 -23.644350 -11.236630 47.106795 -12.225811
3 -20.757622 -12.328891 46.412699 -13.326153
3 -29.492531 -10.120696 53.242712 -13.629562
3 -13.016994 -12.295318 38.620570 -13.308248
3 -2.981545 -3.635617 10.851561 -4.234399
4 -21.450619 -4.009123 12.366337 13.093411
3 -43.085688 -41.398729 125.377182 -40.892795
3 -33.324273 -31.503657 164.120080 -99.292169
3 -76.761739 -38.766167 156.830724 -41.302896
3 -95.272467 -27.444075 149.171323 -26.454858
3 -113.663488 51.278452 142.566233 -80.181234
3 -43.581880 -32.343403 108.230224 -32.304924
3 -155.088128 13.442516 127.496768 14.148850
3 -68.165721 -71.586867 112.919210 26.833415
3 -56.280932 -117.960554 292.478136 -118.236641
4 -54.429027 -15.340303 25.785737 43.983594
3 -28.729237 -26.537884 82.687020 -27.419965
3 -84.790401 32.857954 79.874421 -27.941980
3 -64.694263 -11.346368 78.732058 -2.691410
3 -20.656133 -16.518628 52.719414 -15.544655
3 -10.316870 -10.309820 30.946276 -10.319586
3 -60.748489 -27.012510 113.993990 -26.233001
3 -27.882030 -18.499467 55.719691 -9.338199
1 5.460814 5.146329 -15.731017 5.123874
3 -10.318413 -9.758288 29.681271 -9.604546
3 -26.629828 -20.977304 68.960643 -21.353598
3 -16.431547 -16.133543 48.569576 -16.004496
3 -57.920842 -29.502681 117.203332 -29.779877
4 -14.536057 -92.593074 38.804841 68.324283
3 -2.359302 -1.776435 5.914927 -1.779189
3 -7.444601 -7.443141 22.332613 -7.444871
3 -18.975793 -12.715293 40.329209 -8.638144
3 -69.462407 -27.904812 124.176981 -26.809790
3 -0.487348 0.070082 0.246648 0.170619
3 -49.775057 -34.242776 100.823558 -16.805715
3 -43.847137 -32.024965 84.409752 -8.537807
3 -46.538871 -39.484475 54.403707 31.619458
3 -38.922079 -36.864825 70.567341 5.219030
3 -4.296929 -3.907465 11.978742 -3.774356
3 -9.006052 -9.236518 26.886212 -8.643650
3 -57.016872 -13.940520 82.972501 -12.015137
3 -16.209386 -8.410102 32.680163 -8.060691
3 -12.497685 -12.493724 37.488991 -12.497582
3 -18.952814 -18.541682 55.452349 -17.957934
3 -31.971659 -23.003285 45.418968 9.555946
3 -16.946920 -14.073371 45.355220 -14.335084
3 -31.461376 -30.851125 95.188207 -32.875803
3 -10.940668 -9.247486 29.362925 -9.174788
3 -11.080039 -17.396568 25.604986 2.871622
3 -33.393804 -14.731676 62.468540 -14.343077
3 -22.943923 -28.874855 84.893946 -33.075168
3 -25.838518 -19.245973 77.480722 -32.396238
4 -46.508603 -56.733757 20.054425 83.187912
3 -157.777399 -0.928417 160.393927 -1.688096
3 -90.497207 -179.796055 296.159746 -25.866484
3 -38.067149 -27.058711 89.811300 -24.685426
3 -69.611453 -24.172080 121.441806 -27.658229
3 -19.693243 -20.737919 65.974963 -25.543801
3 -86.987759 -54.142557 92.214633 48.915681
3 -10.316870 -10.309820 30.946276 -10.319586
3 -33.875510 -24.704054 84.924455 -26.344923
3 -40.013465 -35.828716 112.120902 -36.278712
3 -15.448407 9.334205 88.512795 -82.398586
3 -53.215302 -35.616319 118.109862 -29.278250
4 -36.956889 13.783095 -33.888767 57.062542
3 -47.747599 -61.296774 87.989432 21.054945
3 -1.949031 -1.934775 5.934357 -2.050554
3 -19.142342 -19.461186 57.422817 -18.819431
3 -0.543966 -0.438205 1.424145 -0.441977
3 -19.438116 -13.234685 45.595554 -12.922786
3 -37.787637 -13.013603 62.081364 -11.280123
3 -0.363067 -0.267646 0.898156 -0.267443
3 -76.322113 -28.843866 124.066438 -18.900515
3 -22.205759 -12.971192 47.445406 -12.268451
3 -45.970631 -22.448847 90.511241 -22.091809
3 -47.460172 -7.941793 62.758059 -7.356156
3 -32.917532 -31.053147 94.772473 -30.801809
3 -32.898396 -26.952140 85.749602 -25.899293
4 -1.640330 0.002914 -14.275598 15.913014
3 -49.923004 -20.034038 83.279434 -13.322381
3 -44.138638 33.976858 61.107792 -50.946016
3 -28.666533 -18.709861 66.319708 -18.943313
3 -20.904854 1.014663 90.390524 -70.500384
3 -26.120154 -42.263601 35.365857 33.017888
4 -26.251587 -24.752136 -65.139483 116.143205
3 -47.081510 -348.640753 346.142059 49.580235
3 -32.017509 -12.656126 56.853152 -12.179532
3 -5.869961 -5.463566 17.440908 -6.107347
4 -38.896396 -19.990434 0.427207 58.459613
3 -26.431547 -4.807721 35.440132 -4.200857
3 -55.467139 -78.241376 153.891107 -20.182574
3 -42.695682 -43.903664 124.016419 -37.417073
3 -100.902627 9.601686 75.697849 15.603074
3 -121.650795 -145.782903 550.121641 -282.687926
3 -0.363067 -0.267646 0.898156 -0.267443
3 -20.526593 24.386554 89.546249 -93.406184
3 -94.935297 -89.460614 184.501366 -0.105451
3 -27.201869 -19.431594 52.382088 -5.748605
3 -3.567081 -3.550355 10.644307 -3.526872
3 -27.396118 -45.487279 71.009054 1.874273
3 -16.919720 -15.918021 48.776696 -15.939121
3 -11.688090 -5.309701 51.722628 -34.724836
3 -83.602122 7.852147 52.734499 23.015400
3 -59.502090 -30.867163 118.768432 -28.399222
3 -61.960480 -21.265785 100.304887 -17.078723
4 -18.238478 -3.598008 -31.792166 53.628650
3 -6.263860 -5.727374 17.519035 -5.527813
4 -65.637275 -40.716046 -6.737536 113.090754
3 -6.694110 -7.053219 21.271660 -7.524330
3 -11.738769 -10.915047 33.288088 -10.634270
3 -24.691049 5.770918 95.252122 -76.331977
3 30.355458 28.626434 61.877489 -120.859367
3 -38.775135 -36.216786 223.242692 -148.250808
3 -41.342795 -21.371749 84.087891 -21.373601
3 -54.573445 -30.596512 76.937083 8.232773
3 -75.279794 -56.640491 105.987181 25.933091
3 -169.302207 -107.517061 386.176659 -109.357439
3 -11.005040 -8.742481 27.933881 -8.186354
3 -4.155791 -3.700168 11.544123 -3.688165
3 -45.703656 -108.093417 215.954122 -62.157056
3 -67.871450 -49.739611 164.834615 -47.223686
3 -16.069721 -12.761435 40.563766 -11.732612
3 -13.721659 -12.222747 38.103407 -12.159016
4 -78.618042 13.878996 -53.339227 118.078247
3 -7.571373 -7.577574 22.691418 -7.542471
3 -40.255238 -36.805269 112.035887 -34.975475
3 -35.989498 -9.830572 64.744272 -18.924246
3 -21.599666 -21.530105 173.519427 -130.389674
3 -3.498328 -2.650037 8.488829 -2.340467
3 -9.218371 -7.377782 23.428593 -6.832412
3 -47.043820 -39.836959 127.569319 -40.689244
3 -3.348275 -3.348751 10.067635 -3.370609
3 -0.922166 -0.798176 2.530551 -0.810208
3 -21.913850 -20.984492 63.095395 -20.197106
4 -20.455328 -22.163360 -92.456929 135.075614
3 -13.058156 -12.051067 37.311203 -12.202175
4 -31.374001 -7.322883 -34.523423 73.220277
3 -14.713021 -16.090594 45.859846 -15.056248
3 -59.075648 -28.736711 90.959118 -3.146726
3 -5.905935 -5.549878 16.656808 -5.200988
3 -0.854800 -0.722623 2.283230 -0.705807
3 -13.186252 -12.235135 35.977888 -10.556481
3 -25.566103 -25.870669 77.437585 -26.000831
3 -25.467702 -22.960955 49.522401 -1.093776
3 -53.670321 -197.503655 202.739351 48.434557
4 -29.185305 -18.497548 17.102451 30.580395
3 -21.716960 -22.038394 73.259521 -29.504168
3 -14.522688 -10.705842 35.926254 -10.697702
3 -12.731194 -12.381489 77.010356 -51.897676
3 -21.335346 -20.290630 61.208823 -19.582855
3 -42.095672 -49.203176 83.331413 7.967434
3 -25.275056 -10.678764 46.178080 -10.224283
3 -15.114602 -12.122322 39.298679 -12.061754
3 -69.391745 -3.089502 104.033998 -31.552728
3 -9.749860 -40.313228 49.265487 0.797600
3 -10.595101 -9.450664 28.991454 -8.945754
3 -30.385670 42.265202 109.056814 -120.936352
3 -18.398478 -17.953452 54.109869 -17.757953
4 -27.315234 -19.234224 5.053987 41.495478
3 -47.494789 27.006608 52.658838 -32.170741
3 -60.520992 -31.522595 90.267856 1.775728
3 -17.891691 -9.609053 35.915593 -8.414860
3 -18.516762 -22.999980 91.921544 -50.404876
3 -20.988783 -16.901692 54.218318 -16.327855
3 -16.538045 -10.561302 37.352266 -10.252829
3 -63.623390 -24.424165 112.567296 -24.519909
3 -27.232111 -56.508583 84.205774 -0.465133
3 -11.528823 -10.829249 31.475957 -9.117868
3 -33.778044 -15.407267 63.086052 -13.900713
3 -47.220763 -34.081697 101.921497 -20.619045
3 -228.562880 2.065702 191.040503 35.456709
3 -31.998859 -29.424209 90.777868 -29.355034
3 -2.670764 -2.664390 7.999598 -2.664443
3 -6.710084 -6.270562 19.264159 -6.283570
3 -90.077278 -32.415842 153.642983 -31.150011
3 -61.088832 -53.938784 95.750228 19.277343
3 -43.422285 -33.267881 108.950680 -32.260651
3 -46.130130 -29.642956 111.130128 -35.357253
3 -22.820979 -26.076168 74.357994 -25.460865
3 -82.991142 -34.583511 167.218184 -49.643502
3 -47.747657 -45.416218 93.572376 -0.408503
3 -34.439453 -15.514613 65.226553 -15.272475
1 31.587844 -26.905543 10.623858 -15.306166
3 -0.922509 -0.785788 2.445057 -0.736763
3 -7.695730 -75.503172 76.171737 7.027165
4 -23.555402 -22.575234 18.542678 27.587934
3 -7.444601 -7.443141 22.332613 -7.444871
3 -31.853540 -33.461591 69.329045 -4.014019
3 -11.058855 -8.500768 27.706663 -8.147062
3 -21.542556 -27.971903 61.213734 -11.699275
3 -14.700144 -13.670590 41.570144 -13.199441
3 -16.284154 -6.767601 26.850035 -3.798278
3 -42.393683 -35.469583 83.393880 -5.530649
3 -22.535500 -19.994044 46.183569 -3.654076
3 -39.986004 -1.507299 48.333214 -6.839911
3 -53.108690 -53.055599 159.197116 -53.032832
3 -0.363067 -0.267646 0.898156 -0.267443
3 -12.497685 -12.493724 37.488991 -12.497582
3 -32.931930 -18.175270 69.187195 -18.079988
3 -3.818536 -3.781777 11.603771 -4.003458
3 -19.402613 -19.152848 57.360832 -18.805420
3 -46.871325 -87.806180 105.560672 29.116716
3 -8.222402 -8.169397 23.741648 -7.349861
3 -49.658967 -43.360083 135.297198 -42.278267
4 -27.552777 -44.503195 34.298598 37.757332
3 -19.142504 -16.080757 50.067164 -14.843888
2 -9.485315 37.844458 -37.778469 9.419327
4 -9.191902 -1.425710 -2.098434 12.716052
3 -50.939735 -23.634206 78.016767 -3.442753
3 -23.821964 -20.206817 59.517964 -15.489176
3 -43.124224 -35.829980 106.017356 -27.063184
3 -12.989418 -12.948701 38.874064 -12.935947
3 -58.483377 -40.287490 109.849937 -11.079092
3 -44.191212 -8.598633 57.453941 -4.664131
3 -34.169039 -21.249548 77.385607 -21.967025
3 -12.497685 -12.493724 37.488991 -12.497582
3 -30.388615 -49.485547 78.562339 1.311826
3 -23.315720 -10.267728 49.107459 -15.524050
3 -0.844824 -1.772102 1.344169 1.272758
2 -27.285587 72.687604 -32.160185 -13.241849
3 -9.715225 -4.469350 19.224826 -5.040258
3 -2.869164 -3.897258 5.190032 1.576391
3 -1.768132 -1.764216 5.408368 -1.876020
3 -13.084008 -12.485194 49.989769 -24.420654
2 -12.568170 111.624725 -123.384137 24.327587
3 -36.596763 -24.203465 84.280025 -23.479808
3 -28.137228 -27.447804 80.814792 -25.229846
4 -85.174402 2.600589 -92.952363 175.526142
3 -43.537841 -17.427657 78.296800 -17.331293
3 -24.719303 -68.579048 117.443656 -24.145344
4 -20.907572 -7.526535 0.521905 27.912177
3 -41.434032 -44.229747 93.726877 -8.063098
3 -51.026473 -53.567283 151.825309 -47.231585
2 -5.150031 26.759888 -10.999679 -10.610180
3 -15.025434 -14.621160 43.673290 -14.026777
3 -26.389158 -16.597668 56.835483 -13.848659
3 -125.709755 18.636627 87.688171 19.384982
3 -2.694976 -2.139911 6.932474 -2.097590
3 -12.989418 -12.948701 38.874064 -12.935947
3 -15.659243 -14.671242 44.652303 -14.321824
3 -45.417509 -22.906751 57.386047 10.938207
3 -31.341502 -29.799618 91.052567 -29.911461
3 -0.982492 -0.612711 2.209565 -0.614360
3 -12.497685 -12.493724 37.488991 -12.497582
3 -45.600318 -28.701352 164.351691 -90.050055
3 -29.556844 -18.090968 65.619737 -17.971961
3 -0.363067 -0.267646 0.898156 -0.267443
3 -11.757154 -7.780099 23.855608 -4.318367
2 -6.263860 3.716908 -1.103040 3.649980
3 -0.831385 -0.824082 2.501120 -0.845653
3 -14.566186 -13.277043 40.828807 -12.985574
3 -34.628146 -35.331276 118.068439 -48.109006
3 -64.188235 -248.701117 288.132932 24.756420
3 -12.989418 -12.948701 38.874064 -12.935947
4 -14.164718 -17.457711 -16.810292 48.432724
3 -0.947505 -0.788189 2.496825 -0.761132
3 -39.515408 -10.598344 59.096008 -8.982252
3 -4.236024 -5.710860 14.684038 -4.737157
3 -71.759271 -34.215308 146.165485 -40.190946
3 -0.363067 -0.267646 0.898156 -0.267443
3 -43.951075 -46.827565 116.099644 -25.320994
3 -16.732836 -15.992996 48.391100 -15.665290
3 -17.493554 -25.256552 28.094754 14.655356
3 -7.444601 -7.443141 22.332613 -7.444871
3 -35.933311 -34.445195 44.181181 26.197330
3 -60.214163 -53.290006 112.999956 0.504213
1 136.975910 -28.145557 -84.086225 -24.744132
3 -75.243128 -54.945633 184.099475 -53.910737
3 -14.075982 -19.656739 45.704604 -11.971893
3 -7.180651 -27.066025 62.918188 -28.671512
3 -66.291428 -29.389495 125.387021 -29.706096
4 -19.447099 -36.801017 -46.284378 102.532493
3 -15.620273 -5.516130 27.065975 -5.929570
3 -7.444601 -7.443141 22.332613 -7.444871
3 -38.671726 -23.635697 88.184093 -25.876758
3 -13.837254 -10.872191 35.321970 -10.612532
3 -46.620683 -38.765980 122.464530 -37.077919
3 -36.026515 -36.323906 104.907320 -32.556904
3 -38.040491 -19.595656 77.111746 -19.475590
3 -23.512816 -22.564236 69.550074 -23.472998
3 -22.794491 -21.997664 66.332324 -21.540184
3 -44.284941 -43.886951 125.167020 -36.995186
3 -2.155159 -66.674090 69.897443 -1.068185
3 -35.148479 -31.758610 87.123346 -20.216285
3 -40.181225 -32.271127 115.886576 -43.434217
3 -26.636752 -13.712403 54.084226 -13.735101
4 -63.619900 -67.810303 59.450118 71.980104
3 -39.738437 -50.498821 138.317396 -48.080132
3 -26.650559 -22.790088 67.035943 -17.595336
3 -36.936717 -22.222406 81.848098 -22.688975
3 -7.817664 -8.548938 23.330268 -6.963687
1 19.857258 -12.497449 5.220132 -12.579945
3 -9.779340 -9.391297 28.836372 -9.665738
3 -14.403703 0.372561 12.141744 1.889360
3 -1.336557 -2.227080 2.729243 0.834394
3 -33.588272 -16.773855 58.113327 -7.751226
3 -4.136337 -4.642226 29.197895 -20.419333
3 -17.001154 -13.427890 42.530454 -12.101401
3 -0.673627 0.324068 0.985477 -0.635917
3 -2.670764 -2.664390 7.999598 -2.664443
3 -27.105542 -18.352695 46.497475 -1.039326
3 -89.830684 -26.791584 165.666488 -49.044221
3 -17.085312 -17.955173 45.143141 -10.102658
3 -20.225519 -17.116436 53.736376 -16.394424
3 -3.279251 -2.794374 8.553446 -2.479812
3 -51.721662 -15.652835 81.613445 -14.238952
2 -57.013423 85.118678 -50.075532 21.970273
3 -39.608608 -0.853599 37.905223 2.556983
3 -38.169465 -34.534153 105.367118 -32.663683
3 -43.201874 -27.497317 96.609247 -25.910069
3 -19.422842 -19.852540 57.197588 -17.922214
3 -66.583063 -60.014209 183.095988 -56.498797
4 -0.973143 -0.474215 -1.141954 2.589312
2 -97.332649 104.342417 -109.719876 102.710153
3 -24.786402 -6.436091 37.643332 -6.420837
3 -34.535954 -8.736572 106.182112 -62.909572
3 -52.307551 -21.917374 95.682238 -21.457372
3 -8.976141 -8.838446 24.401097 -6.586523
3 -10.316870 -10.309820 30.946276 -10.319586
3 -203.851588 25.025033 107.875968 70.950567
4 -49.589224 -47.621400 29.509654 67.700905
3 -49.381860 -47.973678 143.949409 -46.593871
3 -28.703502 -20.887753 68.963468 -19.372232
3 -25.349861 -23.116973 66.037431 -17.570590
3 -8.187931 -11.839047 25.696127 -5.669149
3 -3.517221 -11.764427 13.942446 1.339201
3 -11.099267 -4.199143 19.279290 -3.980895
3 -15.201985 -1.356800 13.073862 3.484924
3 -7.523157 -6.702517 20.910057 -6.684384
2 -7.241126 32.453307 -56.790410 31.578233
3 -12.759230 -13.399782 40.175203 -14.016192
3 -20.516553 -15.673109 52.139724 -15.950064
3 -27.300191 -22.615357 72.142711 -22.227357
3 -30.331769 -25.777948 81.024520 -24.914849
3 -40.672143 -22.736907 86.496551 -23.087491
3 -55.124710 -27.285577 106.824475 -24.414169
3 -89.290928 -48.974565 188.057269 -49.792007
3 -11.784294 -10.956571 29.234659 -6.493793
3 -14.197428 -14.359293 43.527038 -14.970321
3 -89.367221 -45.107261 194.288479 -59.814129
3 -13.845885 -4.332567 15.710263 2.468183
3 -10.808602 -10.764798 32.331349 -10.757950
3 -51.113132 -21.102445 127.681637 -55.466316
3 -39.124473 -19.617943 65.119063 -6.376642
3 -11.119749 -10.810731 32.598215 -10.667746
3 -32.948991 -33.341041 92.268029 -25.978150
3 -33.792450 -24.220631 83.166790 -25.153793
3 -0.560218 -0.710242 3.420673 -2.150212
3 -61.223713 -31.988292 125.226240 -32.014246
3 -44.797827 -42.005802 128.419110 -41.615577
4 -6.300043 -21.510594 -5.936603 33.747226
3 -21.167850 -5.137619 13.917580 12.387832
3 -0.363067 -0.267646 0.898156 -0.267443
3 -34.026619 -33.821258 101.681735 -33.833858
3 -28.048656 -25.811134 80.576206 -26.716407
3 -13.690424 -12.350578 38.064633 -12.023628
3 -36.444863 -23.468028 79.341819 -19.428906
3 -279.735927 0.111385 265.991799 13.632629
3 -31.919420 -18.841271 70.604823 -19.844110
3 -15.156768 -12.770071 49.443361 -21.516528
3 -15.842806 2.538283 8.502669 4.801799
3 -19.523440 -19.188653 57.442064 -18.730036
3 -35.121662 -24.757819 84.283066 -24.403665
3 -8.376238 -8.508877 36.563440 -19.678327
3 -57.085638 -9.377403 62.843330 3.619605
3 -51.803399 -8.444932 91.408086 -31.159878
3 -13.540236 -12.291517 36.755892 -10.924179
3 -18.159699 -14.530155 44.237328 -11.547478
3 -12.900764 -10.654582 34.367245 -10.811932
3 -22.390953 -16.569848 54.077942 -15.117153
3 -11.376556 -11.424370 33.397046 -10.596133
3 -28.588487 -18.750243 88.174421 -40.835693
3 -39.176126 -21.993864 49.461716 11.708274
3 -55.723471 -47.163773 138.856184 -35.968946
3 2.022865 -16.723072 30.904083 -16.203920
3 -7.444601 -7.443141 22.332613 -7.444871
3 -3.517221 -3.522619 10.553555 -3.513715
3 -20.270158 -17.285309 54.393047 -16.837671
3 -0.363067 -0.267646 0.898156 -0.267443
3 -16.606606 -10.739252 27.766474 -0.420613
3 -1.608940 -1.615127 2.650552 0.573515
3 -31.445430 -2.491208 20.489834 13.446815
3 -38.173893 2.801734 108.110430 -72.738270
3 -120.160193 -10.614238 139.781944 -9.007539
3 -29.983320 -193.238803 174.841571 48.380560
3 -20.105520 -67.021122 119.609055 -32.482412
3 -21.238779 -20.080972 60.775543 -19.455788
3 -32.070773 -0.385866 20.787503 11.669055
3 -0.363067 -0.267646 0.898156 -0.267443
3 -7.444601 -7.443141 22.332613 -7.444871
3 -55.825993 -38.229277 113.399404 -19.344225
3 -98.304229 -29.529157 156.686708 -28.853391
3 -32.629782 -22.423273 93.147956 -38.094975
3 -16.211885 -8.021370 32.197137 -7.963916
4 -5.392274 -23.145157 -39.043376 67.580769
3 -52.965204 -44.319041 139.629686 -42.345455
3 -7.265774 -6.970565 21.881903 -7.645649
3 -46.306406 -41.591383 128.353530 -40.455741
3 -12.497685 -12.493724 37.488991 -12.497582
3 -79.197296 -29.529230 181.511220 -72.784683
3 -17.722223 -46.493797 90.254356 -26.038357
3 -30.309672 5.707841 47.672254 -23.070649
3 -41.499806 -14.438334 54.633664 1.304370
3 -32.340540 -31.577898 35.168788 28.749628
3 -31.590189 130.205999 198.981976 -297.597803
3 -21.891172 -75.919667 77.575947 20.234915
3 -60.317205 -13.089861 80.522050 -7.115087
3 -19.979944 -19.569706 59.003312 -19.453683
3 -49.464196 -39.671227 160.503663 -71.368253
3 -35.107428 -29.879574 83.391110 -18.404101
3 -53.824912 -49.156586 134.799872 -31.818435
3 -32.307643 -23.900650 80.521655 -24.313374
2 -12.546339 150.794165 -165.208813 26.961003
3 -7.444601 -68.604441 95.657925 -19.608884
3 -12.497685 -12.493724 37.488991 -12.497582
3 -17.796186 -5.637649 26.511621 -3.077796
3 -15.307342 -4.744140 24.125585 -4.074115
3 -33.688564 -10.566979 47.077759 -2.822222
3 -69.225131 -57.030048 222.191110 -95.935981
3 -24.300923 -20.419812 56.531884 -11.811139
3 -42.137637 -20.128743 80.347047 -18.080715
3 -21.821843 -12.115963 46.207625 -12.269820
3 -35.552327 -27.117642 34.457561 28.212392
3 -46.046973 -45.315441 135.534591 -44.172203
3 -8.196559 -8.622488 25.049620 -8.230574
3 -95.107806 -9.177073 112.849384 -8.564503
3 -44.002536 -24.615585 94.016451 -25.398295
3 -23.465875 -39.244601 87.504786 -24.794299
3 -17.892946 -6.041424 28.350633 -4.416272
3 -3.517221 -3.522619 10.553555 -3.513715
3 -8.202801 -8.025448 24.222945 -7.994695
3 -5.574192 -3.636905 12.735473 -3.524385
4 -1.031981 -1.192648 0.601429 1.623200
3 -24.060206 -22.706753 66.012817 -19.246014
3 -25.868375 -18.078751 38.658418 5.288650
3 -26.851603 -32.658253 92.340039 -32.830223
3 -40.264898 -44.161608 117.756594 -33.330283
2 -10.316870 57.292095 -14.574829 -32.400397
3 -18.501116 -15.126982 48.998223 -15.370176
3 -15.412993 -14.480594 43.890961 -13.997387
3 -45.983217 -1.089306 36.856302 10.216173
4 -21.144367 -7.559469 12.847107 15.856697
3 -28.910367 -42.578687 121.266503 -49.777402
4 -0.301002 0.050301 0.124806 0.125895
3 -54.222071 -57.959375 128.468785 -16.287337
3 -13.680273 -17.484656 43.589214 -12.424278
3 -64.476822 -178.892390 142.876193 100.493028
4 -37.181281 -37.531676 25.829343 48.883489
3 -1.001637 -0.445194 1.888725 -0.441893
3 -1.768132 -1.764216 5.408368 -1.876020
3 -11.877335 -11.543223 34.495386 -11.074893
3 -16.954650 -2.262767 37.087266 -17.869851
3 -8.686447 8.217331 93.393952 -92.924836
3 -44.528679 -22.134634 79.905848 -13.242540
3 -19.167924 -8.371221 37.281483 -9.742328
3 -1.640330 0.002914 1.654888 -0.017472
3 -37.772681 -20.332968 66.110779 -8.005274
4 -7.571915 2.350086 -0.682214 5.904043
3 -9.754846 -42.301002 42.311834 9.743868
3 -26.831285 -21.654179 68.929777 -20.444316
3 -56.421661 -37.797538 62.198750 32.020459
3 -12.944521 -22.531279 55.294291 -19.818486
3 -24.455055 -24.190985 62.929767 -14.283713
4 -32.448481 -4.394508 13.515635 23.327155
3 -44.664668 -0.607795 52.251902 -6.979437
3 -1.640330 0.002914 1.654888 -0.017472
3 -42.607283 -35.975996 93.248801 -14.665634
4 -7.832593 -9.020042 -30.453549 47.306185
3 -21.704256 -21.372557 63.984779 -20.908032
3 -13.329542 -13.267214 39.842966 -13.246211
4 -46.508324 -5.781522 23.038338 29.251437
3 -12.671036 -12.649851 38.132477 -12.811592
3 -10.357589 -10.281014 30.962361 -10.323757
3 -29.045377 -21.411684 71.852508 -21.395404
3 -0.491191 -0.202444 0.961405 -0.267769
3 -6.745617 -7.231831 18.396939 -4.419504
3 -2.892041 -3.082612 8.093012 -2.118357
4 -29.516553 -5.841682 1.779091 33.579187
3 -1.636794 -1.590394 4.815531 -1.588343
3 -75.350554 -68.932503 319.667869 -175.384929
3 -5.701994 -5.404035 16.488954 -5.382933
3 -20.935143 -19.979829 60.784987 -19.870117
3 -11.055832 -10.451129 31.446918 -9.940054
3 -5.971080 -16.347603 23.346785 -1.028102
4 -28.054471 -5.592525 15.904764 17.742161
3 -7.473874 -7.038639 21.404896 -6.892381
3 -134.172736 17.724973 110.807289 5.640499
3 -5.248186 -11.920442 31.516646 -14.348015
3 -13.351876 -12.622167 38.255018 -12.280999
3 -33.530049 -32.118724 93.827532 -28.178748
4 -10.884243 -10.719900 -49.146147 70.750093
3 -10.197722 -9.367193 28.599620 -9.034727
3 -12.883468 -9.594801 31.593566 -9.115347
3 -39.315527 -33.235499 107.130039 -34.579060
4 -3.611751 -2.254097 0.663388 5.202454
3 -2.649342 -0.766221 4.108477 -0.692913
3 -8.271016 -8.228634 24.224337 -7.724741
3 -3.564053 -2.841154 8.523974 -2.118777
3 -31.571725 -65.480812 186.979483 -89.926943
3 -26.149537 -21.831084 70.120067 -22.139483
3 -9.639550 -12.467051 31.741127 -9.634582
3 -12.497685 -12.493724 37.488991 -12.497582
3 -10.662210 -10.608519 31.887020 -10.616291
3 -49.565406 -38.886911 125.039481 -36.587204
3 -18.102539 -17.233764 52.392020 -17.055715
3 -16.695917 -14.198311 45.347994 -14.453884
3 -14.788695 -12.378821 39.030623 -11.863100
3 -49.034875 -6.763806 106.956059 -51.157347
3 -18.835633 -18.429455 55.798798 -18.533711
3 -21.562514 -93.107675 150.601677 -35.931501
3 -22.010667 -19.108525 54.476139 -13.356932
3 -52.832192 -3.822149 60.082370 -3.428027
3 -12.845800 -12.076145 36.800877 -11.878965
3 -23.193457 -18.928268 60.756466 -18.634720
3 -27.516237 -0.273132 27.212641 0.576740
3 -63.134633 18.526241 47.518010 -2.909615
3 80.213585 -200.738055 81.208793 39.315671
3 -21.087828 -15.973513 53.191490 -16.130243
3 -10.316870 -10.309820 30.946276 -10.319586
3 -10.295212 -48.993104 68.912976 -9.624657
3 -8.187659 -5.954476 20.311233 -6.169093
3 -32.004962 -25.899078 84.649869 -26.745920
3 -20.304710 -19.766545 68.380045 -28.308797
3 -10.316870 -35.107019 137.294762 -91.870880
3 -21.428880 -19.061091 69.859970 -29.370026
4 -17.559191 -16.050566 11.136092 22.473694
3 -19.128974 -18.366230 56.595142 -19.099918
3 -28.335770 -24.226529 76.699687 -24.137461
3 -72.511714 -86.300846 235.332257 -76.519700
4 -54.450975 -60.062148 -37.939438 152.452571
4 -16.528765 -21.421627 16.647440 21.302929
3 -37.991307 -17.857235 29.231016 26.617527
3 -11.202314 -17.041967 37.300998 -9.056918
3 -17.415431 -15.617207 29.687746 3.344892
3 -15.371106 -14.529877 40.546374 -10.645548
3 -70.930563 -12.918992 45.674561 38.174954
4 4.556574 -7.190941 -1.925279 4.559645
2 -0.085463 0.389951 -0.691440 0.386951
3 -11.571716 -8.236313 28.687492 -8.879473
3 -22.993522 -22.888906 70.304568 -24.422219
3 -0.854800 -0.722623 2.283230 -0.705807
3 -18.711833 -7.418439 31.049416 -4.919139
3 -18.620187 -16.575377 62.436548 -27.240988
3 -25.414585 -11.474114 47.408245 -10.519565
4 -67.406184 -23.037121 44.710019 45.733266
3 -34.539369 -13.300355 45.497021 2.342685
3 -6.938901 -6.864643 20.705722 -6.902176
3 -28.155815 -14.954748 54.398270 -11.287798
3 -9.981981 -10.082539 41.579576 -21.515059
4 -4.330653 -14.081143 -45.432735 63.844532
3 -20.874873 -17.471435 54.875736 -16.529385
3 -11.309725 -9.656599 29.669709 -8.703383
3 -24.712559 -22.971023 70.198349 -22.514820
3 -22.279225 -7.000346 100.365338 -71.085794
3 -41.031015 -33.540735 132.554434 -57.982677
3 -43.046668 -33.014435 55.365253 20.695800
3 -20.573197 -18.974088 57.114959 -17.567693
3 -34.892242 -29.142517 87.846832 -23.812045
3 -58.778436 13.220418 29.619114 15.938868
3 -11.376556 -11.424370 33.397046 -10.596133
3 -62.885582 -45.817732 131.568236 -22.864925
3 -9.418014 -8.982348 27.174433 -8.774085
3 -14.131583 -13.007012 39.680206 -12.541640
3 -18.364553 -17.870474 54.563290 -18.328269
3 -11.280012 -11.233011 33.700727 -11.187704
3 -16.819427 -15.797326 46.106186 -13.489414
3 -16.660223 -13.030235 43.359347 -13.668904
3 -17.293950 -18.050316 55.408751 -20.064501
3 -15.748255 -38.340459 69.988412 -15.899683
3 -7.744624 -6.199189 19.796365 -5.852531
4 -15.881797 -18.915983 12.149646 22.648125
3 -18.684615 -17.913601 36.245455 0.352764
3 -11.877335 -11.543223 34.495386 -11.074893
3 -53.481159 -7.894946 67.793873 -6.417798
3 -23.173113 -21.756460 66.285152 -21.355551
1 107.981665 -38.138466 17.846790 -87.690139
3 -6.898182 -6.893449 20.689636 -6.898005
3 -20.319332 -6.034047 32.167897 -5.814603
3 -3.567081 -3.550355 7.361823 -0.244388
3 -64.942973 -57.815551 151.601458 -28.842935
3 -7.389915 -7.348426 22.074709 -7.336370
3 -2.034581 -2.008982 6.159853 -2.116291
4 -22.180863 -15.157756 2.313404 35.025208
3 -58.421687 -1.137650 60.307896 -0.748556
3 -6.449955 -7.384830 17.359432 -3.524645
3 -7.444601 -7.443141 22.332613 -7.444871
3 -8.437170 -31.548981 56.765401 -16.779252
3 -12.686944 -12.351343 37.521271 -12.483096
3 -12.047886 -11.882557 35.580507 -11.650096
3 -17.923713 -17.978808 52.790602 -16.888095
3 -25.097826 -15.033741 55.888751 -15.757274
3 -20.789189 -8.524441 34.523784 -5.210166
4 -58.358882 -81.184979 -6.744665 146.288530
3 -27.033001 -25.109419 74.098188 -21.955786
3 -33.552282 -24.992788 79.834577 -21.289496
3 -19.268562 -18.424215 57.200069 -19.507291
3 -14.602907 -14.193812 42.405847 -13.609209
3 -70.793889 0.145867 52.005418 18.642630
4 -16.263459 -10.987062 -20.439421 47.689916
3 -22.540790 -20.484645 63.484926 -20.459508
3 -33.292262 -14.786118 62.741866 -14.663476
3 -1.725004 -0.991100 4.175746 -1.459643
4 -61.824589 -50.908511 -51.014818 163.747838
3 -16.589843 -8.926757 34.085884 -8.569312
3 -2.819084 -3.027105 36.073897 -30.227708
3 -10.627972 -10.693038 32.352245 -11.031244
3 -12.887886 -5.505163 23.848700 -5.455647
3 -6.898182 -6.893449 20.689636 -6.898005
3 -14.178977 -13.762931 41.119333 -13.177506
3 0.063821 -0.267646 0.898156 -0.694331
3 -17.221798 -16.968945 50.818117 -16.627423
4 -21.882168 -19.953503 13.088626 28.747030
3 -29.051334 -18.491710 58.589035 -11.045977
3 -17.363211 -11.248540 35.451702 -6.839969
3 -0.363067 -0.267646 0.898156 -0.267443
3 -3.048634 -3.218301 9.423066 -3.156131
3 -49.853508 -16.807305 82.854695 -16.193913
3 -13.666082 -9.165783 31.661764 -8.829920
3 -20.151524 -19.409367 58.647739 -19.086870
3 -9.739787 -1.340497 13.056909 -1.976624
3 -36.794659 -34.012484 58.943048 11.864065
3 -105.791125 -50.911594 172.913655 -16.210921
3 -13.015298 -9.838273 25.761347 -2.907771
3 -68.480860 -9.413120 86.687220 -8.793232
4 -42.773416 1.681210 -6.540007 47.632208
3 -63.634610 -6.137409 56.761910 13.010141
4 -24.085541 -13.225256 0.924123 36.386669
4 -2.194463 -6.043119 -43.716210 51.953794
3 -34.382288 -32.191363 98.306368 -31.732734
3 -0.363067 -0.267646 0.898156 -0.267443
3 -19.481913 -14.251828 46.753773 -13.020036
3 -21.678677 0.710201 19.889435 1.079042
3 -3.517221 -3.522619 10.553555 -3.513715
3 -4.155791 -3.700168 11.544123 -3.688165
3 -19.607517 -15.852966 49.842306 -14.381806
3 -1.109389 -1.132110 3.714837 -1.473338
3 -18.229128 -17.273220 49.704531 -14.202213
3 -76.962392 -85.261233 225.782801 -63.559162
3 -10.197722 -9.367193 28.599620 -9.034727
2 -12.185099 5.468382 1.269510 5.447204
3 -24.405224 -19.250601 62.338542 -18.682720
3 -20.826952 -20.861727 61.246166 -19.557506
3 -14.349529 -14.102265 42.204454 -13.752709
3 -22.770284 -11.704300 46.106266 -11.631676
3 -0.363067 -0.267646 0.898156 -0.267443
3 -44.649569 -25.637963 96.348396 -26.060839
4 -35.447597 -4.901756 9.942110 30.407232
3 -38.306685 -7.116037 50.783499 -5.360855
3 -29.555566 -30.111521 89.484080 -29.816970
3 -6.324112 -6.133304 17.969388 -5.511969
3 -19.260642 -21.097815 21.166979 19.191423
3 -10.307959 0.081935 9.059555 1.166443
3 -68.457084 -31.388086 90.965426 8.879742
3 -11.933663 -12.123090 36.881984 -12.825210
3 -6.115478 -4.994566 15.754661 -4.644621
3 -22.702212 -21.929832 66.277155 -21.645137
3 -14.913505 -11.280074 38.088954 -11.895393
3 -14.310462 -14.279303 43.381417 -14.791650
3 -27.387120 -25.709242 79.300152 -26.203763
3 -33.686023 -12.375566 66.001651 -19.940075
3 -0.363067 -0.267646 0.898156 -0.267443
2 -0.002194 0.118063 -0.134952 0.019084
3 -27.518095 -26.478314 80.027855 -26.031477
3 -26.851873 -26.754028 80.620371 -27.014469
3 -8.961356 -6.721677 22.817699 -7.134700
3 -41.979536 -51.268656 126.653279 -33.405216
3 -16.066285 -14.410461 44.588466 -14.111768
3 -14.050482 -6.666070 27.372723 -6.656188
3 -29.969558 -26.308834 82.284027 -26.005664
3 -29.478157 -20.344547 70.242175 -20.419574
3 -0.363067 -0.267646 0.898156 -0.267443
3 -96.957957 -88.771481 270.694373 -84.965150
3 -21.006145 -12.815606 45.982127 -12.160437
3 -20.569458 -20.603585 62.704838 -21.531919
3 -20.165383 -19.907410 59.172288 -19.099494
3 -19.710479 -15.703953 41.251195 -5.836957
3 -29.847339 7.923106 16.606665 5.317563
3 -13.941637 -7.593820 28.900438 -7.364982
3 -1.357434 -1.336185 3.626459 -0.932842
3 -20.722253 -24.392791 66.130128 -21.015111
3 -46.950275 -33.140420 60.659907 19.430716
3 -114.866025 -52.708094 150.072756 17.501368
3 -6.109902 -5.901939 17.672233 -5.660391
3 -0.363067 -0.267646 0.898156 -0.267443
4 -16.631704 -17.833402 -11.302061 45.767178
3 -39.944994 -32.510213 103.910433 -31.455300
3 -25.767544 -24.116451 73.737012 -23.853048
3 -34.000147 -14.809882 62.248065 -13.438192
3 -45.884647 -18.693540 73.016252 -8.438171
3 -18.391733 -36.368501 75.365466 -20.605235
3 -27.317717 -22.424045 70.178690 -20.436995
3 -21.524645 -20.960317 63.295475 -20.810491
3 -25.830421 -18.643313 53.344467 -8.870732
3 -65.361294 -10.865627 149.993855 -73.766936
3 -17.103564 -13.943143 44.250412 -13.203706
3 -24.856844 -19.358137 48.072075 -3.857025
3 -23.937106 -17.371972 57.593122 -16.284212
3 -36.440270 -49.860558 71.113769 15.187061
3 -22.332340 -21.593271 65.190454 -21.264867
3 -22.770284 -11.704300 46.106266 -11.631676
3 -7.444601 -13.111555 34.455886 -13.899730
3 -9.405984 -8.969964 27.403946 -9.028010
3 -130.154295 -74.624750 163.648668 41.130382
3 -22.513239 -21.763830 65.716443 -21.439401
3 -20.116107 -21.178913 61.792989 -20.497965
3 -4.948440 -3.446568 12.236107 -3.841088
3 -38.421538 -45.045481 102.934625 -19.467597
3 -46.161500 -16.598603 50.699300 12.060672
3 -6.898182 -6.893449 20.689636 -6.898005
3 -48.801968 -3.431977 54.496514 -2.262664
3 -22.253752 -24.735080 32.402367 14.586504
3 -10.807798 -9.573762 26.559510 -6.177972
3 -11.259594 -7.912539 27.311181 -8.139098
2 -7.505362 22.442632 4.573027 -19.510299
3 -9.662694 -8.080245 25.175657 -7.432756
3 -38.550398 -16.070398 69.897398 -15.276657
3 -12.345199 -11.501447 35.457406 -11.610738
3 -26.164377 -63.495402 118.116516 -28.456780
3 -14.225855 -18.013234 50.309622 -18.070543
3 -11.337720 -9.262173 29.315803 -8.715901
3 -11.352854 -7.423479 26.247120 -7.470802
2 -7.966928 47.631048 -6.458818 -33.205307
3 -2.544573 -1.049692 4.345406 -0.751140
3 -39.699656 -26.385257 91.853832 -25.768859
3 -7.330218 -7.294216 21.906729 -7.282295
3 -5.456801 -5.616998 17.388416 -6.314597
3 -11.763628 -11.054084 34.100833 -11.283135
1 136.308370 -41.452231 22.744794 -117.600948
3 -55.507940 -25.966991 78.056764 3.417961
1 2.251373 -2.515634 0.821680 -0.557420
4 -6.338697 -46.046626 -233.392556 285.777826
3 -53.306884 -0.267407 51.054707 2.519447
4 -17.789215 -13.327157 -1.171942 32.288152
3 -4.552265 -4.023721 12.694668 -4.118766
3 -22.332340 -21.593271 65.190454 -21.264867
4 -14.312935 1.040156 -43.075749 56.348530
3 -20.236855 -10.906246 42.427510 -11.284508
3 -15.148997 -3.004532 66.433885 -48.280359
3 -42.308238 -5.542563 121.928745 -74.078011
4 -26.575514 -19.660615 -59.891020 106.127106
3 -75.157662 -5.377194 85.242427 -4.707592
3 -22.332340 -21.593271 65.190454 -21.264867
3 -15.025434 -14.621160 43.673290 -14.026777
3 -0.988042 -0.076714 1.118577 -0.053821
3 -7.444601 -7.443141 22.332613 -7.444871
3 -12.497685 73.669296 186.999128 -248.170747
3 -12.497685 -12.493724 37.488991 -12.497582
3 -26.088259 -25.324611 76.089774 -24.676986
2 -51.154885 139.947076 -37.328969 -51.463186
2 -39.311157 18.341333 4.974150 15.995653
3 -22.911546 -6.513306 30.909107 -1.484322
3 -3.560428 -3.549812 6.482426 0.627814
3 -5.473243 -5.307393 16.733251 -5.952671
4 -29.670649 -29.535321 -36.233851 95.439818
3 -13.972178 -19.982620 43.766258 -9.811482
3 -0.363067 -0.267646 0.898156 -0.267443
3 -0.494799 -0.358376 1.196628 -0.343453
4 -39.961461 -17.507546 -49.850347 107.319370
3 -0.507129 -1.967047 2.892254 -0.418078
3 -64.017489 1.759930 61.168763 1.088802
3 -13.128111 -12.764428 38.316973 -12.424427
3 -51.723787 -17.302345 78.398098 -9.371973
3 -19.471933 -16.923521 44.367324 -7.971874
3 -149.469804 -154.337997 255.715461 48.092339
3 -1.392333 -0.974883 4.674661 -2.307419
2 -10.144783 23.751855 -29.197846 15.590773
3 -53.071264 -1.520245 55.999304 -1.407792
3 -9.517673 -6.923293 22.766236 -6.325334
3 -16.969786 -32.531209 70.897854 -21.396873
3 -12.187272 -7.763109 21.205133 -1.254766
3 -43.593566 -54.835556 154.006841 -55.577734
3 -35.282322 -37.257638 109.556688 -37.016728
3 -37.417516 -4.515261 36.757094 5.175647
3 -6.833834 -9.064337 25.956517 -10.058345
3 -22.749807 -21.477305 65.456362 -21.229364
3 -24.026887 -40.061656 78.342314 -14.253855
3 -39.309537 -68.430494 139.456396 -31.716359
4 -39.510223 -34.282274 32.119505 41.672993
3 -7.259059 -0.326186 7.721561 -0.136317
3 -64.858373 2.988623 58.189254 3.680473
3 -22.603837 -19.698151 62.371178 -20.069246
3 -4.792947 -2.934974 9.860094 -2.132161
3 -0.363067 -0.267646 0.898156 -0.267443
3 -26.681165 -24.132391 74.473077 -23.659526
3 -45.621657 -42.157458 129.787119 -42.008079
3 -6.815845 -6.588282 19.354461 -5.950333
4 -24.837001 -25.478276 -25.855557 76.170836
3 -0.363067 -0.267646 0.898156 -0.267443
3 -10.151370 -8.356722 25.421992 -6.913922
2 -32.431501 64.376161 -3.422513 -28.522138
3 -23.511708 -23.510458 70.525663 -23.503493
3 -7.615033 -3.917534 16.572850 -5.040249
3 -6.263860 -5.727374 17.519035 -5.527813
3 -10.813497 -11.341625 29.312057 -7.156914
3 -21.650597 -21.178343 64.187398 -21.358456
3 -13.116960 -13.122310 36.824641 -10.585373
3 -28.898077 -32.759156 94.561449 -32.904216
3 -12.497685 -27.796427 68.300752 -28.006641
3 -39.630624 -39.852484 117.573149 -38.090102
3 -49.172900 -223.486094 223.542478 49.116533
3 -0.363067 -0.267646 0.898156 -0.267443
3 -31.833481 -17.107293 65.397355 -16.456579
3 -10.832044 -10.533268 31.770222 -10.404919
3 -21.884872 -5.783301 23.355333 4.312883
3 -22.590825 32.190960 115.660617 -125.260718
3 -7.617962 -4.061248 11.436220 0.243006
3 -12.497685 -12.493724 37.488991 -12.497582
3 -41.365986 -40.599017 122.236535 -40.271550
3 -64.124963 0.092163 62.798206 1.234594
3 -5.651867 -2.950681 11.054776 -2.452225
3 -21.845330 -13.085119 45.261631 -10.331177
3 -25.776545 -24.267852 73.707893 -23.663537
3 -22.332340 -21.593271 65.190454 -21.264867
3 -31.767974 -72.671975 55.329513 49.110432
3 -20.616289 -17.370493 55.137353 -17.150536
2 -11.838918 16.601547 -18.264919 13.502293
3 -17.996447 -6.925549 31.773251 -6.851248
3 -19.503869 -19.443387 57.524873 -18.577698
4 -21.323202 -21.542643 -7.840370 50.706218
3 -12.497685 -12.493724 37.488991 -12.497582
3 -15.080554 -11.245741 36.291400 -9.965054
3 -1.194924 -1.041137 3.252131 -1.016071
3 -0.363067 -0.267646 0.898156 -0.267443
3 -10.834578 -9.928786 30.339197 -9.575854
3 -12.497685 -12.493724 37.488991 -12.497582
3 -7.524981 -7.658092 23.056632 -7.873558
3 -33.614891 -51.475340 133.629414 -48.539187
3 -0.363067 -0.267646 0.898156 -0.267443
3 -26.919384 -21.194534 70.385169 -22.271306
3 -0.854800 -0.722623 2.283230 -0.705807
2 -19.334319 29.940961 14.139424 -24.746065
3 -13.803110 -13.552573 40.561478 -13.205843
3 -8.458737 -8.034148 24.523753 -8.030857
3 -7.763866 -26.049553 58.255793 -24.442371
3 -30.487347 -31.407691 91.851903 -29.956827
4 -50.441890 -46.824091 40.661506 56.604509
3 -75.098274 -72.408438 220.426990 -72.920254
3 -18.458583 -71.926023 54.400729 35.983900
3 -3.293317 -4.720181 12.528454 -4.514958
3 -7.511670 -4.422352 17.658354 -5.724297
3 -27.992137 -27.359401 82.237068 -26.885544
3 -45.522058 -3.381944 53.150078 -4.246164
3 -6.263860 -5.727374 17.519035 -5.527813
3 -34.415504 -29.684070 93.770679 -29.671137
4 -32.691302 -63.099099 -61.120893 156.911330
3 -43.713994 -28.126802 97.236142 -25.395370
3 -135.657162 -87.526630 343.891629 -120.707838
3 -7.920326 -7.412464 24.973075 -9.640292
3 -24.291333 -19.274623 65.753823 -22.187835
3 -19.030855 -17.906979 52.622747 -15.684920
3 -11.105937 -11.353315 34.135870 -11.676616
3 -29.413814 -15.822112 61.748889 -16.512967
3 -56.605772 -81.929434 166.085005 -27.550100
3 -12.609603 -3.493465 21.924281 -5.821207
3 -15.130505 -13.440562 38.404307 -9.833271
3 -39.182608 -23.137029 85.585903 -23.266321
3 -16.141770 -15.171671 55.857204 -24.543786
3 -51.142243 -22.918380 97.138173 -23.077540
3 -12.202656 -10.313278 32.779508 -10.263574
3 -42.391777 -21.459431 84.490255 -20.639040
3 -17.623203 -17.231812 52.341135 -17.486119
3 -7.748154 -7.445017 20.439718 -5.246687
3 -7.108638 -17.158315 26.224361 -1.957490
3 -11.286824 -10.685787 32.599926 -10.627293
3 -43.332581 -36.227134 112.773613 -33.214101
3 -5.995651 -4.796727 14.877949 -4.085557
3 -7.208962 -7.864676 23.541600 -8.467961
3 -23.444319 -20.623840 40.416064 3.652069
3 -10.518146 -0.445392 14.512775 -3.549241
3 -70.479989 -46.212416 164.347317 -47.654907
3 -9.933523 -13.349985 33.871770 -10.588261
3 -2.534587 -2.514286 7.650191 -2.601319
4 -27.593748 4.996444 -9.600106 32.197410
3 -0.363067 -0.267646 0.898156 -0.267443
3 -23.445705 -12.506831 44.161025 -8.208425
3 -22.332340 -21.593271 65.190454 -21.264867
3 -12.585329 -12.740170 37.998797 -12.673299
3 -41.750432 -0.570686 29.326574 12.994544
3 -15.369672 -12.846479 40.801787 -12.585742
3 -7.599020 -7.090014 21.937699 -7.248805
4 -7.451882 4.339530 -3.642087 6.754444
3 -14.341714 -0.994184 55.809333 -40.473453
3 -15.783169 -7.511322 31.463316 -8.168823
3 -85.692519 -46.490639 89.749308 42.433822
3 -5.723862 -3.554137 74.139747 -64.861752
3 -72.112857 -11.153317 177.151355 -93.885161
3 -41.802713 -12.974043 60.890609 -6.113860
3 -68.079206 -61.816689 193.471346 -63.575466
3 -63.327169 -16.547003 96.161850 -16.287663
4 -88.285379 20.682778 -3.023609 70.626175
3 -63.563429 -61.466782 186.526921 -61.496703
3 -48.938087 -38.884709 122.660308 -34.837511
3 -17.388390 -11.749517 41.256875 -12.119057
3 -33.499180 -26.415995 85.539687 -25.624520
3 -10.357379 -9.965092 29.671630 -9.349355
3 -18.968658 -16.939347 52.455801 -16.547899
4 -25.101334 -34.704802 13.817789 45.988237
3 -3.482435 -2.578854 8.668960 -2.607672
3 -5.434757 -2.078447 14.173513 -6.660303
3 -25.498081 -33.989700 84.779217 -25.291459
3 -8.607094 -7.256926 25.498131 -9.634309
3 -28.212121 -8.233461 44.848264 -8.402683
3 -83.888814 -17.600070 118.340808 -16.851898
4 -7.066371 12.605035 -22.472076 16.933407
3 -17.597347 -9.495465 35.771756 -8.678978
4 -13.569790 -3.392895 -8.210013 25.172700
3 -68.700319 7.870785 111.041814 -50.212290
3 -42.142481 -35.476809 112.981338 -35.362077
3 -21.495472 -19.220867 58.592394 -17.876129
3 -31.725023 -13.566105 63.424356 -18.133238
3 -7.556852 -7.039197 21.223618 -6.627569
3 -21.032367 -12.053478 45.364591 -12.278800
3 -6.905580 -6.782181 29.282497 -15.594736
3 -31.596862 -28.794670 88.820760 -28.429293
3 -7.444601 -7.443141 22.332613 -7.444871
3 -1.984730 1.633326 30.329784 -29.978380
3 -28.146915 -24.717440 77.714127 -24.849776
4 -4.899660 -3.326800 -8.856711 17.083172
2 -30.610972 14.541372 12.588785 3.480814
3 -36.500919 -64.007168 96.481912 4.026204
3 -1.640330 0.002914 1.654888 -0.017472
3 -80.018841 -13.304542 165.877527 -72.554263
3 -7.444601 -9.435783 25.195969 -8.315586
2 -0.266361 0.219392 -0.165451 0.212417
3 -18.903405 -18.426277 56.056557 -18.726975
3 -26.266201 -25.233090 76.271040 -24.771780
3 -44.081404 -15.082094 60.954885 -1.791382
4 -43.793010 -3.712054 -10.984197 58.489273
4 -45.842101 11.383398 16.427126 18.031573
3 -39.844764 -8.008454 58.974511 -11.121284
4 -13.772289 -15.821142 5.780702 23.812730
3 -19.185180 -14.008749 45.983099 -12.789173
3 -3.394434 -4.911808 15.037177 -6.730935
4 -15.938502 -13.543233 -178.735735 208.217501
3 5.101933 -28.781301 51.161472 -27.482073
3 -22.158175 -18.558301 56.841184 -16.124689
3 -0.363067 -0.267646 0.898156 -0.267443
3 -21.213117 -20.182507 61.114662 -19.719069
3 -41.236710 -12.627814 69.933340 -16.068771
3 -7.098244 -7.096345 21.321283 -7.126694
3 -48.749661 -5.784815 60.012810 -5.478332
3 -27.355806 -9.800802 31.560089 5.596436
3 -38.734652 -27.481502 68.798272 -2.582131
3 -0.658891 -1.033178 2.177602 -0.485533
3 -24.244860 -17.891772 59.803396 -17.666768
4 -46.439678 -37.375534 4.115899 79.699208
3 -9.794178 -1.582286 10.152569 1.223912
3 -221.127452 23.990790 187.085370 10.051299
3 -9.933694 -6.176199 21.002598 -4.892706
3 -10.197722 -9.367193 28.599620 -9.034727
3 -7.444601 -7.443141 22.332613 -7.444871
3 -25.377466 -9.917734 19.922144 15.373059
3 -11.957271 -12.016196 35.196415 -11.223013
3 -17.703891 -15.980255 48.166786 -14.482642
2 -26.813083 21.677853 12.980125 -7.844882
3 -34.258990 -36.473231 106.514492 -35.782276
3 -33.657807 -31.116035 97.235835 -32.462213
3 -23.327165 -23.293355 63.853196 -17.232659
3 -1.768132 -1.764216 5.408368 -1.876020
3 -49.276876 -21.227750 82.219811 -11.715229
3 -21.641882 -44.404886 77.621471 -11.574857
3 -42.889059 1.915889 38.937315 2.035840
3 -22.082488 -22.596461 73.987951 -29.309001
3 -0.363067 -0.267646 0.898156 -0.267443
3 -35.545372 -54.923670 120.716171 -30.247138
3 -7.625499 -7.613700 22.858602 -7.619405
3 -20.800171 -20.829961 54.899761 -13.269631
3 -2.967497 -14.489954 37.866475 -20.409026
3 -17.638912 -16.104076 49.533080 -15.790071
3 -20.132221 -17.393824 54.082541 -16.556511
3 -2.198044 -2.193664 4.176426 0.215282
3 -18.639306 -10.119476 28.126576 0.632189
3 -0.854800 -0.722623 2.283230 -0.705807
3 -45.898411 -13.767128 73.070217 -13.404741
3 -22.332340 -21.593271 65.190454 -21.264867
3 -24.480094 -19.019088 62.949914 -19.450797
3 -13.167666 -3.982418 20.973800 -3.823718
3 -104.352728 -19.250755 132.723887 -9.120388
3 -10.943072 -10.375015 31.420404 -10.102335
3 -169.439776 -168.284636 509.980132 -172.255695
3 -34.302107 -15.638746 65.988243 -16.047375
3 -20.072268 -18.023278 56.114218 -18.018684
3 -10.316870 -10.309820 30.946276 -10.319586
3 -20.367745 -19.762794 58.438512 -18.307996
4 -42.213426 -29.125010 27.806841 43.531601
3 -53.777953 14.530636 20.631419 18.615893
3 -62.576533 -11.548558 63.238489 10.886609
3 -41.370116 -6.563653 54.169540 -6.235770
3 -10.368493 -11.252251 22.132719 -0.511974
4 -20.829833 -13.936766 0.288993 34.477594
3 -33.981824 -39.296026 71.087455 2.190328
3 -43.545231 -39.457482 109.356471 -26.353869
3 -57.550258 -41.214577 100.291514 -1.526716
3 -58.512955 -55.080937 124.497155 -10.903501
3 -21.120329 -18.818633 59.285487 -19.346601
3 -9.254487 -6.735196 22.802186 -6.812511
3 -16.564666 -15.843515 47.106498 -14.698348
3 -27.826663 -1.821074 31.298587 -1.650868
3 -10.331141 -10.791814 30.313922 -9.190955
3 -37.853164 -37.699256 113.147491 -37.595064
4 -29.110143 -15.202664 16.326516 27.986322
3 -22.334192 -22.203559 60.875541 -16.337792
3 -22.332340 -21.593271 65.190454 -21.264867
3 -32.591819 -9.160276 44.987956 -3.235869
3 -17.788572 -17.486710 40.848732 -5.573457
3 -17.267822 -10.809571 35.831087 -7.753708
3 -38.040491 -19.595656 77.111746 -19.475590
4 -3.800754 -7.983716 -0.137996 11.922466
3 -119.679790 1.608956 103.511213 14.559638
3 -53.207755 14.029937 24.771422 14.406394
4 -24.452708 -5.011813 -11.426299 40.890830
3 -34.101591 -60.573372 123.377805 -28.702919
4 -17.315941 -21.673017 -26.265120 65.254057
3 -13.758438 -8.454067 30.787421 -8.574976
4 -6.831632 2.496045 -4.584491 8.920072
3 -34.770829 -16.804964 69.471191 -17.895339
3 -26.230390 -22.518270 72.160181 -23.411558
4 -16.860900 -5.214231 -77.473490 99.548582
3 -3.586427 -3.550248 10.671184 -3.534511
3 -0.903152 -1.072915 3.249612 -1.273546
3 -8.049421 -7.720348 23.241857 -7.472228
3 -28.034557 -20.031883 67.907433 -19.841026
3 -12.497685 -12.493724 37.488991 -12.497582
3 -41.970699 -25.331543 93.386149 -26.083908
3 -20.185353 -39.604399 34.167964 25.621702
3 -27.057810 -35.712260 86.974529 -24.204490
3 -0.931628 -0.931224 2.788095 -0.925243
1 171.550072 -68.848651 87.479347 -190.180745
3 -17.545163 -15.851455 50.182950 -16.786358
3 -31.417327 -28.583035 89.131436 -29.131042
3 -21.462356 -15.348404 50.930546 -14.119879
3 -7.625499 -7.613700 22.858602 -7.619405
3 -41.525865 -24.091276 91.380296 -25.763241
3 -38.868891 -25.268071 91.999065 -27.862058
3 -3.085517 -10.305513 9.512729 3.878319
4 -2.016795 -0.251498 0.780043 1.488253
3 -0.610658 -0.704511 10.015258 -8.700089
3 -31.646573 -27.209618 86.337894 -27.481789
3 -26.595183 -9.748229 45.351856 -9.008477
3 -11.068148 -11.043088 33.176409 -11.065174
3 -74.086128 -84.293716 124.889259 33.490592
3 -125.517034 -20.064718 163.872597 -18.290863
3 -6.272812 -5.989514 18.541710 -6.279469
3 -28.942883 -6.168588 40.452501 -5.341113
3 -9.183659 -2.859215 15.154719 -3.111843
3 -29.396614 -9.299979 45.382114 -6.685627
4 -70.807722 -40.659462 -144.567733 256.034882
4 -11.055537 -0.998486 -87.553198 99.607221
3 -38.462837 -24.654010 41.464125 21.652655
4 -22.682529 -11.187573 -68.787519 102.657626
3 -34.787297 -6.460604 46.106042 -4.858302
3 -40.319818 -40.561557 117.269429 -36.388085
3 -41.479070 -45.936533 134.216524 -46.801135
4 -22.684728 -19.573921 -15.497754 57.756356
3 -13.860879 -11.313235 35.882921 -10.708868
3 -8.089600 -1.429352 10.249322 -0.730356
3 -24.130758 -16.073705 56.643141 -16.438855
3 -30.235452 -6.283244 40.173366 -3.654679
3 -3.592831 -2.905674 6.126977 0.371529
3 -159.660872 -67.751465 240.844186 -13.432831
3 -20.054553 -6.417231 32.829602 -6.357816
3 -31.680900 -39.808532 51.476013 20.013413
3 -0.854800 -0.722623 2.283230 -0.705807
3 -31.838143 -25.595294 83.731857 -26.298401
3 -9.175171 -8.324056 26.547023 -9.047775
4 -14.015427 41.816737 -73.208628 45.407176
3 -37.172050 -17.320703 69.359102 -14.866357
3 -30.932162 -21.174993 72.746321 -20.639206
3 -35.473342 -28.406415 87.910072 -24.030340
3 -25.562137 0.787782 23.881521 0.892683
3 -21.986670 -16.092871 53.179266 -15.099806
3 -17.795203 -2.410480 29.569342 -9.363664
3 -77.995520 -10.677749 98.477774 -9.804638
3 -60.715492 -68.965261 176.199558 -46.518920
4 -42.697611 -38.937983 7.420439 74.215150
3 -7.083885 -7.401604 22.564666 -8.079184
3 -36.631700 -43.083417 106.333437 -26.618334
4 -46.967225 -7.953778 24.020084 30.900915
3 -7.084723 -1.046827 4.895975 3.235570
4 -7.166122 4.223726 -1.299403 4.241798
3 -16.707831 -33.813444 51.054610 -0.533457
3 -55.803913 4.088977 32.927653 18.787271
3 -17.040357 -16.694117 50.098045 -16.363561
3 -24.501282 -24.684556 71.025297 -21.839540
4 -19.965189 3.181544 -16.270273 33.053899
3 -4.494401 -3.779022 12.179607 -3.906268
3 -14.705112 -11.775682 38.038614 -11.557804
2 -7.253805 53.223388 -31.299792 -14.669874
3 -15.161115 -21.805360 25.877448 11.088887
3 -22.386665 -32.390222 38.218566 16.558127
3 -11.286824 -10.685787 32.599926 -10.627293
3 -29.451617 -18.028209 65.692062 -18.212466
3 -13.065750 -6.170688 18.080876 1.155552
3 -55.447556 -137.788700 123.400639 69.835431
3 -53.504061 -26.354595 106.435420 -26.576775
3 -45.472051 -41.085958 127.421437 -40.863452
3 -27.956332 -55.625380 85.797173 -2.215456
3 -52.124286 -31.912421 84.588835 -0.552122
3 -13.569717 -12.683673 38.650125 -12.396761
3 -2.258801 -1.499092 3.336351 0.421541
3 -25.504448 -22.622043 68.052155 -19.925741
3 -36.687188 -6.825495 32.017507 11.495137
4 -75.836000 -61.994379 -41.218225 179.048596
3 -36.797936 -14.386862 61.110522 -9.925720
4 -37.712760 -21.003969 -14.320755 73.037518
4 -16.085313 -17.621486 -110.371518 144.078305
3 -13.919027 -14.132276 34.288984 -6.237678
3 -12.435258 -11.758847 35.639921 -11.445840
3 -2.419643 -1.303319 5.665733 -1.942752
4 -8.784207 2.748624 2.475705 3.559878
3 -0.544601 -0.401469 1.347235 -0.401164
3 -18.746082 -106.245973 83.191730 41.800324
3 -8.320498 -7.948469 24.033348 -7.764393
3 -16.594662 -12.468738 41.415840 -12.352642
3 -2.399731 -1.314621 4.943632 -1.229280
4 -44.154601 -55.940847 21.666028 78.429433
3 -77.439989 -17.847653 112.226819 -16.939166
3 -47.545366 -32.119720 91.943814 -12.278755
3 -13.803110 -13.552573 40.561478 -13.205843
1 19.698452 -5.736670 -1.848220 -12.113564
3 -7.444601 -7.443141 28.449869 -13.562127
3 -15.127982 -14.924984 44.783778 -14.730800
3 -132.757973 30.218356 73.662807 28.876884
4 -0.374043 -0.357006 -1.236893 1.967943
3 -10.316870 -10.309820 30.946276 -10.319586
3 -56.642590 -47.686934 150.058507 -45.729032
3 -6.559684 -6.492906 18.798480 -5.745903
3 -32.470526 -17.874569 60.365297 -10.020241
3 -35.485235 -37.413833 106.209358 -33.310352
3 -12.759533 -12.104079 36.551522 -11.687932
4 -79.236091 -22.634597 44.202858 57.667807
3 -66.121986 -52.050621 169.181531 -51.008974
3 -9.607047 -8.650274 26.920633 -8.663302
3 -29.160502 -31.193794 89.388143 -29.033847
3 -34.610195 -28.122346 101.726027 -38.993519
3 -1.352869 -9.152984 7.443674 3.062179
3 -3.707849 -3.626927 10.618131 -3.283411
3 -9.495726 -7.750086 23.575227 -6.329436
3 -26.591398 -22.634167 71.430611 -22.205144
3 -4.562991 -2.770369 10.167750 -2.834447
3 -0.363067 -0.267646 0.898156 -0.267443
3 -1.109389 -1.132110 3.714837 -1.473338
3 -116.322707 -56.427180 130.771208 41.978652
3 -29.268590 -25.298960 75.601183 -21.033662
4 -28.884060 -43.462448 -8.121657 80.468136
4 -13.669204 -9.255971 6.403340 16.521844
3 -50.398786 -7.435234 64.739412 -6.905396
3 -15.231008 -14.281368 43.973217 -14.460857
3 -33.990882 -36.276263 69.678181 0.588953
4 -54.046333 -41.315547 -61.456276 156.818047
3 -3.517645 -4.728155 10.190304 -1.944505
3 -35.150039 -11.489363 57.755220 -11.115812
3 -20.565396 -15.857958 50.750007 -14.326721
3 -147.569185 -4.539765 154.182495 -2.073562
3 -0.363067 -0.267646 0.898156 -0.267443
3 -106.603071 11.297695 95.218734 0.086601
4 -78.839152 -98.331086 86.399066 90.771145
3 -7.664967 -7.554934 22.755805 -7.535904
3 -15.953111 -12.576267 28.400801 0.128557
3 -5.858213 -16.078589 35.339975 -13.403177
3 -12.497685 -12.493724 37.488991 -12.497582
3 -46.913592 -27.337506 99.144904 -24.893820
3 -4.932080 -4.038914 9.534794 -0.563808
4 -18.259743 -17.541405 0.330442 35.470699
3 -16.655594 -14.727296 45.825604 -14.442731
3 -73.221348 -55.686102 209.984125 -81.076660
3 -7.444601 -7.443141 22.332613 -7.444871
4 -22.771674 24.306576 -46.448975 44.914061
3 -7.444601 -7.443141 22.332613 -7.444871
3 -28.919389 -21.468261 64.773873 -14.386199
3 -22.704992 -42.922007 40.583733 25.043265
3 -5.316073 -4.991686 12.519023 -2.211265
3 -543.410494 -544.346747 1631.907722 -544.150646
4 -45.181652 14.092378 -77.892889 108.982178
3 -36.303177 -34.896669 65.388176 5.811670
3 -67.972548 -64.306332 193.224291 -60.945785
3 -11.871280 -11.366187 34.017892 -10.780505
3 -25.082020 -24.729479 72.863835 -23.052433
3 -34.347297 -24.479191 59.719811 -0.893368
3 -45.117045 -60.786378 245.819112 -139.915698
3 -37.087936 -18.557903 73.633928 -17.988079
4 -7.389915 -7.348426 6.627278 8.111061
3 -0.931628 -0.931224 2.788095 -0.925243
4 -14.743574 -19.628373 7.577502 26.794447
3 -0.363067 -0.267646 0.898156 -0.267443
3 -15.866726 -4.510286 26.853110 -6.476096
3 -10.485427 -9.644657 29.427613 -9.297553
3 -53.783901 0.474757 51.616904 1.692244
3 -25.223043 -90.141742 101.882953 13.481857
3 -8.404420 -7.647796 22.498793 -6.446590
3 -9.575692 -9.323515 27.871439 -8.972281
3 -2.259865 -2.219194 6.793441 -2.314384
3 -9.609936 -9.088445 21.921811 -3.223448
4 -21.824381 -19.909247 -6.283066 48.016678
3 -20.816734 1.111404 11.212925 8.492402
3 -8.126928 -5.875831 20.034229 -6.031504
3 -3.530955 -4.018038 12.692988 -5.143996
3 -12.497685 -12.493724 37.488991 -12.497582
3 -26.762443 1.361517 22.948240 2.452660
3 -5.541627 -2.821490 11.343192 -2.980109
4 -31.037481 -7.558532 -94.999298 133.595209
3 -46.860162 130.682881 144.981532 -228.804249
3 -8.613311 -8.394549 24.440941 -7.433068
3 -20.371204 -13.423793 44.980803 -11.185811
3 -6.898182 -6.893449 20.689636 -6.898005
3 -25.408076 -20.751656 65.684265 -19.524536
3 -53.213980 -28.277591 109.025969 -27.534379
3 2.479515 -5.946170 17.712089 -14.245433
3 -29.553324 -140.698293 97.441760 72.809864
3 -12.989418 -12.948701 38.874064 -12.935947
3 -52.544056 -26.201284 105.594154 -26.848893
3 -6.263860 -5.727374 17.519035 -5.527813
3 -28.245486 -54.751453 113.671109 -30.674307
3 -10.943802 -10.449295 31.657674 -10.264774
3 -15.362292 -11.643618 36.910103 -9.904211
3 -3.724926 -3.604117 11.190841 -3.861799
3 -10.316870 -10.309820 30.946276 -10.319586
3 -13.277569 -16.561276 44.923992 -15.085148
3 -53.823052 -118.764330 163.202242 9.385149
3 -39.615578 -28.263824 91.936992 -24.057691
3 -25.888691 -31.943846 42.230896 15.601593
3 -25.257516 -18.416231 61.754331 -18.080626
3 -13.507616 -8.289286 29.277724 -7.480773
3 -23.539440 -21.219269 65.452215 -20.693566
3 -0.363067 -0.267646 0.898156 -0.267443
3 -14.326375 -12.805827 39.522186 -12.390166
3 -89.902396 -86.676672 272.381695 -95.802652
3 -152.921881 -25.636281 205.617352 -27.059180
3 -21.633649 -5.358602 29.933880 -2.941755
3 -9.986071 -9.316663 28.619707 -9.316969
3 -23.704185 -3.174483 29.718589 -2.839934
4 -6.898182 -26.203365 -50.233788 83.335336
3 -9.182306 -5.108431 18.356214 -4.065588
3 -22.974728 -20.552258 62.969608 -19.442788
3 -13.546916 -10.756433 35.357404 -11.054230
3 -60.475653 -1.736289 63.278512 -1.066641
3 -32.786514 -26.441113 86.333082 -27.105573
3 -17.928539 -15.117554 48.071906 -15.026021
3 -8.639039 -6.329032 23.055490 -8.087610
4 -13.735552 2.490666 -8.468668 19.713551
3 -32.284174 -30.877485 93.475363 -30.313720
3 -8.750341 -8.363328 25.557182 -8.443525
3 -22.554940 -27.874860 72.582595 -22.152797
3 -106.843461 -11.325044 120.341982 -2.173477
3 -45.328959 -58.286308 103.563733 0.051530
3 -12.122048 -10.960501 33.297522 -10.215053
3 -33.309725 -24.314996 85.654147 -28.029474
3 -23.490199 -21.637995 63.855831 -18.727645
2 -0.085463 0.389951 -0.691440 0.386951
4 -24.337879 -5.077464 5.966920 23.448431
3 -8.900054 -7.874572 24.197186 -7.422660
3 -28.402112 -27.402564 82.149110 -26.344664
3 -18.996400 -15.502958 48.790524 -14.291240
3 -32.336013 -30.182548 91.147050 -28.628529
3 -31.275877 -165.288942 114.597680 81.967042
3 -31.655111 -27.414188 88.271640 -29.202291
3 -32.987406 -14.545073 61.955368 -14.422879
3 -18.300628 -1.789304 22.083884 -1.993952
4 -17.368644 -13.771094 -6.314191 37.453862
4 -10.813207 -20.969455 -19.446514 51.229189
3 -23.909239 -18.741525 48.810285 -6.159686
3 -18.530639 -29.189041 65.147831 -17.428183
3 -71.525970 -22.878621 119.103066 -24.698506
3 -3.174309 -2.722254 8.268854 -2.372283
3 -0.379096 -0.379166 1.138369 -0.380107
3 -16.767053 -11.046798 39.304918 -11.491164
3 -6.529323 -5.974517 15.780866 -3.277038
3 -27.683086 -19.432940 66.695929 -19.580053
3 -6.225703 -3.176008 12.992838 -3.591117
3 -17.274054 -7.288024 111.099899 -86.537815
3 -43.665268 -43.888066 128.483981 -40.930670
3 -16.089853 -8.156309 28.589509 -4.343438
4 -40.043682 -38.221401 14.599798 63.665150
3 -29.820730 -14.479897 50.017805 -5.717250
3 -12.492945 -12.406355 37.800471 -12.901191
3 -29.832355 -17.651381 80.827521 -33.343806
3 -15.254894 -11.352951 40.389144 -13.781346
3 -14.969544 -14.786458 44.975971 -15.220061
3 -26.224063 -5.193107 36.292696 -4.875523
3 -44.112827 -67.952820 152.934497 -40.868936
3 -44.361346 -23.022164 74.220185 -6.836658
3 -32.873469 -25.591060 74.866028 -16.401517
3 -21.318160 -12.099287 45.367668 -11.950242
3 -11.640570 -10.314720 33.893395 -11.938089
3 -19.354918 -13.091072 17.034811 15.411178
3 -47.327927 -25.524702 67.899818 4.952822
3 -81.324821 -38.176648 127.845409 -8.343981
3 -32.048264 -13.028196 56.593093 -11.516650
3 -24.656556 -5.274118 34.661733 -4.731068
3 -20.666698 -19.632815 59.471685 -19.172203
3 -67.560269 -52.015043 169.806376 -50.231052
3 -65.347927 -27.661119 92.685758 0.323315
3 -54.227012 -103.959608 195.500721 -37.314126
3 -0.363067 -0.267646 0.898156 -0.267443
3 -10.197722 -9.367193 28.599620 -9.034727
3 -29.717117 -18.556774 67.335050 -19.061205
4 -59.660962 -48.758724 -72.936419 181.355781
3 -36.762353 -16.832410 70.802319 -17.207774
3 -26.554373 -15.248417 57.177049 -15.374472
3 -0.650773 -0.545110 1.726150 -0.530269
3 -9.299673 -6.871114 23.046595 -6.875842
3 -8.615922 -5.745797 17.703833 -3.342105
3 -79.284976 3.688346 395.364980 -319.768337
3 -8.562526 -8.487910 24.710550 -7.660125
3 -0.703191 -0.586159 1.867058 -0.577707
3 -15.454901 -10.970181 37.640347 -11.215261
4 -28.384818 -29.456568 -17.422724 75.264123
3 -30.441240 -11.353621 53.977987 -12.183117
3 -18.154337 -7.357050 20.756639 4.754728
4 -19.949979 7.804953 -24.186217 36.331240
3 -16.210351 -14.055927 47.310107 -17.043902
3 -12.579222 -9.938966 26.288040 -3.770048
3 -17.297386 -70.346189 79.681263 7.962311
3 -3.517221 -3.522619 10.553555 -3.513715
3 -0.363067 -0.267646 0.898156 -0.267443
3 -5.610314 -2.799724 6.270685 2.139358
3 -24.916258 -20.359798 64.872782 -19.596938
3 -12.599699 -11.886987 36.054676 -11.568011
3 -3.348275 -3.348751 10.067635 -3.370609
3 -12.160379 -11.405161 35.716501 -12.150941
3 -32.566500 -13.580351 57.929460 -11.782690
3 -45.356792 -25.975342 96.810923 -25.478831
3 -13.826523 -13.948377 23.906806 3.868095
3 -16.102321 -14.218850 41.575190 -11.254053
4 -1.893315 -0.469910 -3.276108 5.639330
3 -0.854800 -0.722623 2.283230 -0.705807
3 -20.780246 -18.663293 59.999464 -20.555949
3 -10.861845 -67.162086 76.901912 1.122020
3 -22.053815 -20.614317 63.228104 -20.560049
3 -35.148435 -35.275526 103.173028 -32.749094
3 -0.854800 -0.722623 2.283230 -0.705807
3 -54.584116 -45.998978 205.055973 -104.472893
3 -59.299870 -24.525636 87.907867 -4.082386
3 -70.526943 -76.124400 192.045591 -45.394342
3 -79.270407 -61.322401 228.250281 -87.657579
4 -52.614546 -26.376145 4.832549 74.158002
3 -0.363067 -0.267646 0.898156 -0.267443
3 -15.169964 -11.386091 17.285618 9.270440
3 -11.128160 -9.690405 27.262583 -6.444005
3 1.229228 -54.051758 45.114065 7.708414
3 -24.310792 -21.540372 67.533188 -21.682108
3 -31.421804 -26.295443 70.767244 -13.050076
3 -2.670764 -2.664390 7.999598 -2.664443
3 -21.505238 -22.277846 66.040675 -22.257740
2 -5.177612 64.787446 -4.230720 -55.379196
3 -13.507260 -12.935756 39.926286 -13.483255
3 -46.691591 -22.651964 87.268644 -17.925053
3 -24.095957 -22.689281 68.361481 -21.576356
3 -17.232108 -10.387363 37.909942 -10.290474
3 -18.403651 -18.356659 55.043240 -18.282926
4 -4.175569 -4.093644 -5.429677 13.698892
3 -0.363067 -0.267646 0.898156 -0.267443
3 -7.184659 -6.301974 19.018900 -5.532281
3 -8.534440 -8.711531 25.879169 -8.633198
3 -24.425976 -11.727319 47.416905 -11.263614
3 -18.323435 -13.025981 38.668305 -7.318909
3 -10.188187 -10.453794 33.486794 -12.844812
3 -12.497685 -12.493724 37.488991 -12.497582
4 -13.854396 -16.011669 -94.748479 124.614466
1 1.584795 1.250799 -4.317062 1.481469
3 -33.443963 -29.074395 88.146817 -25.628496
3 -0.363067 -0.267646 0.898156 -0.267443
3 -13.271163 -11.966493 39.738882 -14.501277
3 -22.159544 -16.441079 54.598902 -15.998374
3 -3.094694 -3.095271 9.286111 -3.096147
3 -18.695211 -18.196531 54.880544 -17.988816
3 -12.579414 -9.471005 30.789698 -8.739281
3 -43.075076 -23.675203 90.733305 -23.983014
3 -17.564452 -11.673170 41.748880 -12.511237
4 -12.328619 -5.593974 5.711643 12.210954
3 -3.326804 -3.326800 10.218698 -3.565094
4 -42.723580 -40.172277 5.265426 77.630368
3 -3.094694 -3.095271 9.286111 -3.096147
3 -22.732173 -21.331890 65.179631 -21.115582
3 -27.920616 -1.515745 27.611093 1.825271
3 -0.854800 -0.722623 2.283230 -0.705807
3 -27.216681 1.072348 77.673674 -51.529361
3 -52.777884 -44.337748 141.298254 -44.182691
3 -25.651604 -26.844778 74.362512 -21.866159
3 -9.811425 -6.422239 22.542985 -6.309314
3 -11.210272 -39.474778 49.150417 1.534596
3 -10.947117 -13.269931 23.139831 1.077247
3 -24.812612 -4.188441 25.867651 3.133380
3 -19.582460 -17.583647 53.832010 -16.665904
3 -6.898182 -6.893449 20.689636 -6.898005
3 -27.892478 -15.171333 57.159865 -14.096058
3 -4.690277 -2.032441 9.304758 -2.582026
3 -31.111435 -29.933954 77.445220 -16.399878
4 -0.391108 -32.631008 -55.636692 88.658801
4 -25.596118 -20.526192 -47.649146 93.771449
3 -19.664852 -3.497027 23.105258 0.056620
4 -26.474674 -26.498251 -7.385094 60.358016
3 -18.374530 -20.697809 58.055924 -18.983586
3 -65.566306 -39.539939 116.632719 -11.526474
3 -12.497685 -12.493724 37.488991 -12.497582
4 -26.016601 -11.659977 -72.218152 109.894731
3 -31.023274 -29.762948 89.978289 -29.192192
3 -16.186274 -15.154768 46.189730 -14.848731
3 -9.252492 -16.215554 32.362787 -6.894713
3 -0.763555 -0.762764 2.275244 -0.748926
3 -21.746858 -18.142651 53.472847 -13.583382
3 -20.599987 -7.994267 35.769005 -7.174765
3 -26.007489 -15.183738 56.814213 -15.622987
3 -27.497077 -7.911353 42.779088 -7.370658
3 -26.508191 18.252955 84.259197 -76.003952
4 -26.513058 -34.228514 -120.865296 181.606864
4 -17.163839 -127.226386 52.010328 92.379904
3 -59.203116 -45.263199 158.113358 -53.647014
4 -97.103966 7.943642 -220.304301 309.464628
3 -20.975483 -2.537625 30.616590 -7.103478
3 -73.464795 -7.640395 76.141987 4.963167
3 -38.245255 -37.294303 102.577750 -27.038207
3 -27.996481 -23.702590 69.931279 -18.232211
3 -30.406703 -28.176025 86.696596 -28.113910
3 -30.645999 -24.351371 77.663706 -22.666370
3 -16.529841 -15.745062 47.606131 -15.331227
3 -23.350343 -23.352767 70.072618 -23.369505
3 -23.815362 -17.618983 58.106980 -16.672649
3 -26.367526 -9.154499 42.813294 -7.291260
3 -6.898182 -6.893449 20.689636 -6.898005
3 -25.897019 -20.478026 67.988754 -21.613658
3 -19.706505 -12.347290 44.435143 -12.381434
3 -27.252036 -2.672436 33.159355 -3.234859
4 -0.533355 -12.771386 -68.357504 81.662246
4 -8.884116 -12.520065 -333.052240 354.456424
3 -3.912217 -3.449596 11.405549 -4.043736
3 -24.761861 -23.495582 67.485413 -19.227964
3 -44.312961 -37.046899 119.703295 -38.343430
3 -8.727264 -11.171890 31.000321 -11.101166
3 -5.742511 -6.026214 8.504180 3.264544
1 112.056023 -29.881547 17.506255 -99.680712
3 -23.835899 -14.024134 51.895166 -14.035193
3 -6.951954 -5.446301 17.979449 -5.581190
4 -15.484846 -32.347136 -111.512579 159.344553
3 -0.363067 -0.267646 0.898156 -0.267443
2 -60.021164 39.622758 25.644442 -5.246048
3 -5.870001 -5.634383 17.201913 -5.697585
3 -93.210848 -63.951266 196.275934 -39.113824
3 -18.891512 -18.624452 55.257653 -17.741690
3 -0.363067 -0.267646 0.898156 -0.267443
3 -34.669253 -27.543213 88.109349 -25.896861
3 -130.487142 -47.332220 227.330058 -49.510901
3 -0.363067 -0.267646 0.898156 -0.267443
3 -79.315996 -50.555923 180.950436 -51.078520
3 -13.067083 -12.352355 37.074008 -11.654553
3 -22.595724 -11.414461 45.546706 -11.536601
3 -32.267491 -30.931179 93.476542 -30.277900
3 -24.129079 -9.407017 42.850337 -9.314245
3 -0.854800 -0.722623 2.283230 -0.705807
3 -10.212951 -8.390342 24.862397 -6.259103
3 -50.044201 -50.107911 123.183612 -23.031537
3 -8.230791 -7.547284 23.059327 -7.281270
3 -17.323985 -10.334835 38.075898 -10.417148
3 -27.319134 -12.524867 52.429348 -12.585381
3 -12.263510 -10.663328 33.645676 -10.718907
3 -26.298575 -19.101342 64.096456 -18.696709
3 -13.724930 -2.718501 10.172684 6.270730
3 -21.954448 -9.174487 66.900254 -35.771463
3 -18.501116 -15.126982 48.998223 -15.370176
3 -43.488133 -15.242005 45.665955 13.064161
3 -63.557051 -2.611892 68.044053 -1.875115
3 -23.547867 -6.264596 36.761471 -6.949007
3 -62.807734 -81.213267 111.663637 32.357364
3 -55.827645 -28.030581 111.490444 -27.632223
3 -43.346406 -14.281582 48.129611 9.498379
3 -76.872566 -17.577076 113.179630 -18.729989
3 -4.196041 -3.254512 10.066826 -2.616258
3 -27.116569 -17.997310 63.269480 -18.155617
3 -20.556915 -18.186831 56.735522 -17.991768
3 -10.051751 -9.961600 28.951146 -8.937802
3 -21.319779 -17.293564 54.793896 -16.180565
3 -26.932308 -27.147381 69.500541 -15.420942
3 -58.058951 -41.301005 68.276238 31.083703
3 -25.163625 -22.666517 69.838893 -22.008737
3 -6.898182 -6.893449 20.689636 -6.898005
4 -35.224088 -51.787598 23.397764 63.613908
3 -7.136557 -8.248792 19.487796 -4.102446
4 -45.112125 -1.864988 8.084604 38.892480
3 -14.657570 -14.250181 42.403427 -13.495697
3 -31.305642 -27.409307 86.497386 -27.782437
4 -75.384967 -93.672689 78.176820 90.880786
3 -12.262396 -10.003378 32.495321 -10.229744
3 -9.418014 -8.982348 27.174433 -8.774085
3 -2.958470 -2.941854 8.827591 -2.927270
3 -20.738553 -18.164026 55.411322 -16.508745
4 -22.628751 -17.935397 0.378109 40.186045
3 -4.618284 -3.699875 11.715914 -3.397755
3 -7.444601 -7.443141 22.332613 -7.444871
3 -12.875291 -12.100498 36.787761 -11.811998
3 -20.162556 -17.296775 53.567983 -16.108629
3 -12.497685 -12.493724 37.488991 -12.497582
3 -26.485718 -16.525958 59.776993 -16.765316
3 -2.578862 -2.578445 8.317433 -3.160126
3 -10.842180 -10.803313 31.356145 -9.710667
4 -58.807068 -8.641698 31.338318 36.110444
3 -10.316870 -10.309820 30.946276 -10.319586
3 -38.806323 -38.199201 114.397350 -37.391821
3 -16.815127 -14.054187 45.297462 -14.428156
3 -0.650773 -0.545110 1.726150 -0.530269
3 -4.427034 -3.703469 11.932286 -3.801867
2 -1.467363 58.196537 -58.961374 2.232197
4 -17.058651 -12.966204 8.038847 21.986053
3 -33.581357 -31.785807 90.861134 -25.494032
3 -2.578862 -2.578445 8.317433 -3.160126
3 -40.031319 -14.497169 135.451079 -80.922610
3 -17.130515 -26.255819 69.006559 -25.620304
3 -55.750912 -57.793019 114.943383 -1.399467
3 -32.376539 -21.544339 93.605271 -39.684393
3 -42.254565 -27.541000 97.458497 -27.663155
4 -45.342014 -2.137353 23.549391 23.929982
4 -7.444601 -24.256071 -6.951035 38.651707
4 -1.499724 -6.987862 3.586581 4.901006
2 -19.957954 116.030797 -106.316342 10.243500
3 -24.486960 -42.235900 89.718347 -22.995486
3 -64.276637 -54.414992 171.821805 -53.130186
3 -19.064742 -10.367672 39.279006 -9.846638
3 -39.461982 -31.013406 101.771373 -31.296121
2 -6.965881 11.409051 -15.351800 10.908632
3 -23.740589 -21.089357 64.844883 -20.015009
3 -32.503915 -31.541535 94.871024 -30.825607
3 -21.366464 -21.034612 65.675039 -23.273981
4 -20.540820 -25.176820 -25.643555 71.361167
3 -10.820721 -9.715963 30.080807 -9.544136
3 -69.066496 -38.171472 141.274017 -34.036019
3 -35.873807 -22.783000 73.023485 -14.366671
4 -0.430803 0.091253 -39.214147 39.553697
3 -11.000195 -39.176182 60.541688 -10.365330
3 -21.044070 -8.938968 38.239325 -8.256280
3 -20.618514 -19.747255 59.993881 -19.628133
3 -29.498984 -14.774814 59.237562 -14.963768
3 -59.030763 -76.421641 145.298944 -9.846543
4 -42.145749 -14.135624 26.852776 29.428580
