2 -28.640778 79.000686 -20.177354 -30.182558
1 0.000000 0.000000 0.000000 0.000000
2 -27.669634 78.739014 -20.593103 -30.476274
1 0.000000 0.000000 0.000000 0.000000
3 -86.774538 -151.792458 274.646792 -36.079465
3 -151.134750 53.826332 83.472511 13.835920
3 -11.575654 -16.654813 14.296743 13.933614
3 -35.416436 12.473344 13.387126 9.556320
3 -41.511033 -8.099826 50.181675 -0.570819
3 -17.193998 -67.575653 61.977753 22.791901
4 -4.112358 -166.080021 -81.096586 251.288959
3 -2.757860 -2.403491 4.556456 0.604886
4 -13.728228 -458.634630 18.500489 453.862405
1 0.000000 0.000000 0.000000 0.000000
3 -112.570563 -250.303225 242.238128 120.635702
3 -2.645022 -87.432312 69.162191 20.914984
3 -47.431243 -58.201443 117.817609 -12.184935
4 -45.072067 -37.462278 -30.219800 112.754152
4 -214.272821 -206.840723 10.224298 410.889248
4 -6.133303 -9.162230 -10.715710 26.011231
3 -71.585834 -38.887076 105.653987 4.818758
4 -44.959971 -35.394756 -32.518328 112.873057
4 -0.010420 -0.008202 0.000000 0.018621
2 23.447614 52.883919 -97.687119 21.355663
3 -4.561661 -88.372888 96.349597 -3.415020
3 -49.336442 25.651426 100.811363 -77.126346
3 -32.221885 -22.412148 84.169855 -29.535823
3 -17.063313 -14.700260 52.590221 -20.826649
3 -1.138146 -3.188680 7.515003 -3.188177
3 -120.724929 -270.460481 435.822223 -44.636820
4 -96.496955 -147.143141 94.217570 149.422511
3 -17.362522 -22.086473 60.584709 -21.135710
3 -31.352148 -75.461289 103.443494 3.369937
3 -25.319900 -83.600021 79.486187 29.433733
4 -121.649598 -116.701155 -159.411082 397.761835
3 -1.618573 0.436120 0.692916 0.489528
3 -1.618573 0.436120 0.692916 0.489528
3 -115.015183 -323.444791 328.021737 110.437894
3 -19.460000 -66.965085 62.947835 23.477240
3 -0.647429 0.174448 0.277166 0.195811
4 -27.943563 -211.401382 -205.274672 444.619724
3 -7.407115 -330.865715 290.480644 47.792218
3 -36.966679 -20.830613 78.638762 -20.841479
3 -2.266002 0.610568 0.970082 0.685339
3 -57.965072 -88.926747 158.335791 -11.443975
3 -12.223083 -16.480365 14.573909 14.129425
3 -33.860288 -94.843454 85.374937 43.328652
4 -93.896216 -269.782034 107.683897 255.994434
3 -53.923864 -89.771041 115.181918 28.512633
4 -39.493913 -419.254745 172.375877 286.372875
4 -189.157551 -80.870717 -10.973777 281.002029
4 -2.266002 0.610568 -30.356743 32.012164
3 -9.957081 -17.090933 13.603827 13.444086
