3 -17.547723 51.460503 93.996820 -127.909607
4 239.291575 -875.890993 -217.169809 853.769250
4 -24.487741 -112.960853 -243.353969 380.802545
4 -26.882818 -72.434500 -32.842644 132.159964
3 -32.883280 -20.201286 56.170637 -3.086070
4 -30.173798 -62.508547 -241.231300 333.913637
4 -26.364373 -146.323893 -73.440053 246.128319
3 -71.633032 -65.126016 339.014069 -202.255027
4 -61.115112 -302.781915 42.995372 320.901640
4 -13.057876 -66.470182 -11.933198 91.461255
3 -33.369905 16.005277 78.642015 -61.277395
1 0.000000 0.000000 0.000000 0.000000
3 -9.350747 -6.968762 65.037727 -48.718217
4 -42.837969 -268.945605 -16.766559 328.550127
4 -31.980881 -40.855905 0.523956 72.312837
4 100.229555 -494.051941 -0.880433 394.702816
3 -52.728877 -266.955627 233.428248 86.256253
3 -0.000000 -156.055481 99.554415 56.501064
3 -7.442361 -8.251157 24.096637 -8.403118
2 -1.289514 5.713718 4.866298 -9.290504
3 -15.367147 -16.247685 106.583824 -74.968987
3 -39.006761 -50.194184 124.899820 -35.698878
3 -52.587642 -16.736273 106.521063 -37.197146
