1 0.000000 0.000000 0.000000 0.000000
3 -63.788563 -62.728870 108.407921 18.109510
4 -10.647655 -7.613240 1.698479 16.562416
3 -28.488071 -74.889589 241.290695 -137.913038
1 0.000000 0.000000 0.000000 0.000000
1 0.000000 0.000000 0.000000 0.000000
1 0.000000 0.000000 0.000000 0.000000
1 0.000000 0.000000 0.000000 0.000000
3 -176.097737 28.261211 162.857142 -15.020776
3 -2.825900 -0.377276 3.388009 -0.184833
3 -32.449450 -187.073191 376.902710 -157.380058
1 0.000000 0.000000 0.000000 0.000000
3 -7.350456 -10.296516 22.892576 -5.245558
3 -51.508943 -106.041742 211.594673 -54.044045
1 0.000000 0.000000 0.000000 0.000000
3 -14.736329 -17.241055 44.633028 -12.655615
2 -28.568378 56.116127 -11.134716 -16.413027
3 -6.150790 1.521603 3.160240 1.468983
1 0.000000 0.000000 0.000000 0.000000
1 0.000000 0.000000 0.000000 0.000000
3 -11.360298 -8.712307 28.654738 -8.582098
3 2.001296 -0.842672 38.230368 -39.388995
3 -2.323348 2.875326 17.359934 -17.911899
3 -48.692792 -255.538142 195.019581 109.211193
3 -39.273422 -16.072968 73.666138 -18.319752
3 -15.542437 -8.200926 31.832470 -8.089112
1 0.000000 0.000000 0.000000 0.000000
3 -4.327733 -3.318974 10.916091 -3.269371
2 -30.791693 33.125976 0.334149 -2.668403
3 -8.114498 -6.223077 20.467670 -6.130070
3 -90.292732 -85.655496 243.916793 -67.968569
1 0.000000 0.000000 0.000000 0.000000
3 -24.965444 -19.685513 46.320986 -1.670033
3 -17.075106 -5.631166 34.357784 -11.651535
4 -0.430266 -0.401684 -0.285354 1.117303
2 -105.250305 35.259155 35.016672 34.974466
1 0.000000 0.000000 0.000000 0.000000
3 -8.833509 -6.650267 22.045481 -6.561679
1 0.000000 0.000000 0.000000 0.000000
3 -106.086344 -31.366298 92.244842 45.207798
4 0.000000 -2.014115 -102.947016 104.961128
3 -1.391155 -1.154874 45.028191 -42.482161
3 -59.667946 3.010431 53.698232 2.959167
3 -203.127045 -174.492268 453.741110 -76.121828
3 -17.886696 -45.748666 98.087151 -34.451792
3 0.000000 -0.000000 116.277704 -116.277704
3 -13.091416 -13.374541 40.083360 -13.617395
2 -16.547950 89.950016 -131.227046 57.824993
1 0.000000 0.000000 0.000000 0.000000
1 0.000000 0.000000 0.000000 0.000000
3 -177.902230 -208.619141 345.378977 41.142424
1 0.000000 0.000000 0.000000 0.000000
3 -27.385489 -132.749671 220.766965 -60.631802
4 -0.576792 -0.145218 -0.541567 1.263577
3 -112.477122 -46.344504 122.084133 36.737470
3 -15.984163 -14.573347 45.106359 -14.548832
3 -23.231421 -26.238006 61.541588 -12.072158
4 -131.068617 -90.584015 100.295203 121.357375
3 -28.814076 59.347314 110.317225 -140.850485
1 0.000000 0.000000 0.000000 0.000000
3 -3.474460 -9.187738 14.856764 -2.194523
3 -3.245799 -59.182867 60.872291 1.556386
3 -8.114498 -6.223077 20.467670 -6.130070
3 -31.437640 -30.522208 63.965170 -2.005323
3 43.874080 45.461389 147.168638 -236.504112
3 -16.068819 -13.315054 34.168289 -4.784425
3 -20.863262 -85.813159 139.511889 -32.835456
2 -25.042019 109.845131 -50.378866 -34.424245
1 0.000000 0.000000 0.000000 0.000000
1 0.000000 0.000000 0.000000 0.000000
3 -4.868699 -3.733846 12.280602 -3.678042
3 -13.743391 24.577093 34.115450 -44.949146
2 -164.990484 108.490647 31.984079 24.515769
4 -46.379520 -20.114525 13.655999 52.838043
3 -13.574784 12.703454 79.327736 -78.456398
3 -103.337166 39.355794 184.734015 -120.752594
1 272.380245 72.704381 259.514648 -604.599255
3 -14.402918 -17.322549 16.836384 14.889125
3 -15.901740 -17.437126 56.278900 -22.940035
3 -39.760864 -34.331385 103.172747 -29.080505
3 -2.420175 -0.066122 2.364626 0.121671
2 -9.601789 29.263849 -9.687346 -9.974714
3 -53.214577 -125.350778 228.116726 -49.551363
3 -53.888174 -68.697523 145.798015 -23.212313
3 -4.868699 -3.733846 12.280602 -3.678042
3 -59.224576 -53.043208 150.509573 -38.241830
3 0.000000 -11.654195 23.546009 -11.891813
3 -3.245799 -2.489231 8.187068 -2.452028
4 -11.811952 -122.515872 -127.791996 262.119792
3 -28.595882 -31.724179 87.568054 -27.247957
1 3.373958 -1.937801 0.019171 -1.455336
3 -56.749009 -10.928824 75.643959 -7.966119
4 -20.818157 -9.977402 4.534851 26.260705
3 -0.405725 -0.311154 1.023383 -0.306504
3 -4.868699 -3.733846 12.280602 -3.678042
1 0.000000 0.000000 0.000000 0.000000
3 -58.477923 -99.395519 209.279945 -51.406471
3 -14.559350 3.369353 8.730521 2.459491
4 -21.377142 -17.972221 8.864126 30.485247
3 -23.886506 -23.891251 71.629577 -23.851816
3 -21.048767 -51.939297 66.480560 6.507505
3 -31.745066 -3.445844 57.749912 -22.559065
3 -47.151865 -103.705971 233.356848 -82.498995
2 -87.927195 75.680055 42.994387 -30.747232
4 -57.209647 -151.285641 88.495156 120.000129
3 -8.577401 -7.350328 23.582343 -7.654589
3 -38.500408 -35.740918 44.147623 30.093695
1 0.000000 0.000000 0.000000 0.000000
2 -23.197744 16.512310 14.889812 -8.204435
2 -23.468422 9.911346 4.279854 9.277228
4 -96.002012 -27.091657 15.309004 107.784689
3 -0.405725 -0.311154 1.023383 -0.306504
3 -56.367294 -82.536479 155.924595 -17.020820
3 -125.119177 -0.093187 108.511405 16.700974
4 -23.437859 -17.558280 -35.262649 76.258787
4 -59.898019 33.141625 -9.425480 36.181922
2 -125.746141 52.073396 41.815498 31.857246
3 -35.236165 -4.257671 104.728517 -65.234656
1 0.000000 0.000000 0.000000 0.000000
3 -17.256256 -10.252578 37.867467 -10.358603
1 0.000000 0.000000 0.000000 0.000000
4 -56.054150 -102.752183 19.311742 139.494625
3 -6.491599 -4.978461 16.374136 -4.904056
3 -3.139185 -0.493313 3.942437 -0.309938
3 -0.612537 -5.000044 3.715734 1.896847
4 0.000000 -7.666889 -157.702102 165.368993
3 -2.420175 -0.066122 2.364626 0.121671
3 7.590217 11.113288 20.779011 -39.482486
3 -57.326832 -0.917321 55.864822 2.379184
3 -2.973413 -0.964774 4.516920 -0.578709
4 -11.557881 -57.205451 -146.106411 214.869789
3 -27.065174 -31.111687 64.306498 -6.129641
4 2.622557 12.251325 -187.061230 172.187313
3 -173.210308 -570.858303 775.583036 -31.514436
3 -92.618143 -334.570616 273.564500 153.624259
4 -174.936886 -353.278784 158.138894 370.076765
4 -31.729762 -55.959848 19.536154 68.153451
3 -8.513536 -1.756717 11.458386 -1.188130
4 -0.068133 -0.149065 -1.050355 1.267553
3 -3.245799 -2.489231 8.187068 -2.452028
3 -125.998688 -99.923123 151.765518 74.156306
4 -13.821786 1.195218 1.806688 10.819874
3 -0.573591 -33.034206 23.986677 9.621092
3 -48.045351 -33.130111 88.438761 -7.263302
3 -136.116956 -32.355249 204.782757 -36.310542
3 -152.526040 -78.812380 187.296809 44.041582
3 -108.878042 19.116092 86.179551 3.582379
3 -8.431679 -3.377890 48.507645 -36.698033
3 -0.062044 -0.164067 0.265299 -0.039188
1 0.000000 0.000000 0.000000 0.000000
3 -41.084344 -3.861424 26.261086 18.684694
2 -9.271864 12.123145 -6.763139 3.911853
3 -85.524145 -142.836243 255.925806 -27.565476
3 -46.745107 11.792914 28.417542 6.534521
1 0.000000 0.000000 0.000000 0.000000
3 -34.619395 -33.192778 78.948552 -11.136366
3 -282.600140 53.585717 148.822443 80.191962
3 -4.868699 -3.733846 12.280602 -3.678042
3 -21.075235 -20.225863 61.940788 -20.639685
3 -39.646840 -6.193936 239.731910 -193.891121
3 -59.039832 -75.599554 230.498463 -95.859076
3 -24.227181 -38.811084 384.947715 -321.909447
4 -6.685912 -6.122466 -79.165174 91.973562
3 -0.262263 -0.408013 0.875646 -0.205368
3 -87.403956 -50.505956 157.940861 -20.030960
3 -0.405725 -0.311154 1.023383 -0.306504
3 -24.749151 -20.594916 53.156103 -7.812049
3 -102.070681 -6.910807 126.739140 -17.757648
3 -60.197428 -142.361232 179.310293 23.248336
3 -16.831839 66.736723 203.803864 -253.708776
3 -56.343284 -10.617670 74.620576 -7.659615
4 -21.001188 -2.477360 -14.792852 38.271417
3 -325.836823 57.513794 153.366952 114.956092
3 -69.470179 -44.750791 76.093280 38.127688
3 -155.563812 -148.977571 269.129384 35.411918
4 -37.301929 -136.080608 -98.257934 271.640476
3 -1.308745 -0.273836 1.898942 -0.316359
1 23.204002 -13.807230 3.887118 -13.283932
3 -110.705125 -84.404472 270.589044 -75.479446
1 0.000000 0.000000 0.000000 0.000000
3 -46.744635 -5.854901 57.527773 -4.928210
3 -62.378101 -166.218045 137.433650 91.162517
3 -185.689039 -79.132096 292.481480 -27.660336
4 -74.138600 -47.370167 48.565257 72.943494
3 -51.729451 -17.775687 49.877974 19.627169
3 -0.041396 -0.279860 0.290160 0.031097
3 -159.103065 60.981887 137.312075 -39.190873
3 -31.659705 -30.389361 101.128225 -39.079165
4 -40.172048 -33.287635 -255.956688 329.416349
2 0.000000 52.097294 -24.046989 -28.050307
3 -177.297616 -88.421299 280.204882 -14.486000
3 -29.939032 -206.616455 259.757793 -23.202312
3 -0.026814 -0.004467 3.622487 -3.591204
1 0.000000 0.000000 0.000000 0.000000
3 -4.868699 -3.733846 12.280602 -3.678042
3 -1.369190 -1.035017 3.409645 -1.005437
3 -16.479096 -17.826404 50.922205 -16.616715
1 0.000000 0.000000 0.000000 0.000000
3 -148.936134 -58.750341 408.236572 -200.550005
3 -99.851853 -112.784714 285.221955 -72.585387
3 -55.814677 -46.159715 136.143610 -34.169172
3 -20.362176 19.055181 118.991604 -117.684597
3 -0.447121 -0.591014 1.313543 -0.275407
4 -27.706912 -27.451275 -24.397252 79.555443
1 0.000000 0.000000 0.000000 0.000000
2 -17.947445 96.216176 54.767743 -133.036474
3 -41.122726 9.449126 21.681206 9.992394
3 -64.793929 -1.486444 61.291214 4.989208
3 -8.345974 -6.176346 8.225309 6.297028
2 -29.972622 89.453030 -63.900049 4.419568
4 -28.969218 -24.370552 18.903501 34.436266
3 -0.406959 -0.546834 2.507656 -1.553863
1 0.000000 0.000000 0.000000 0.000000
3 -48.305742 -46.657300 138.710763 -43.747717
4 -32.726647 -11.763692 -8.323068 52.813439
1 0.000000 0.000000 0.000000 0.000000
4 -2.034794 -1.013024 0.348056 2.699763
3 -51.550419 -44.686821 125.446828 -29.209591
3 -242.029715 -357.366052 554.672725 44.723060
3 -53.855132 -63.464400 101.267168 16.052395
1 0.000000 0.000000 0.000000 0.000000
3 -24.462026 -94.416076 101.808270 17.069855
3 -9.633450 -10.422637 32.983698 -12.927614
3 -25.437428 -28.733592 36.996576 17.174470
3 -65.459379 -29.253320 119.687481 -24.974786
3 -49.912616 -31.533068 111.854575 -30.408905
3 -45.230854 -40.323540 121.591960 -36.037539
3 -14.507336 4.432052 28.554875 -18.479564
4 -272.628566 55.312258 90.418501 126.897775
4 -28.476071 -26.078740 -19.678246 74.233072
4 -46.617359 -148.806823 67.700297 127.723882
3 -0.666007 -0.607223 1.879432 -0.606201
3 -62.678254 -62.819572 84.198143 41.299685
3 -4.314823 -0.304568 6.552011 -1.932622
3 -62.283883 -22.079438 55.975568 28.387722
2 -74.820145 78.469394 17.545971 -21.195327
4 -5.873185 -117.567717 45.067891 78.373035
3 -0.097837 -1.088312 66.386535 -65.200387
3 -112.686567 -21.235340 149.241152 -15.319231
3 0.000000 -0.000000 0.000000 -0.000000
3 -4.910095 -4.013706 12.840350 -3.916534
3 -235.930376 -25.895952 519.264493 -257.438120
3 -8.114498 -6.223077 20.467670 -6.130070
3 -29.892424 -12.388738 126.151990 -83.870847
4 -101.751688 -15.887852 5.909047 111.730474
3 -41.223695 -34.221123 88.347775 -12.902977
2 -246.225080 82.469878 81.897256 81.857920
1 192.972345 -141.773338 121.321370 -172.520382
3 -46.341626 -41.588666 111.373908 -23.443637
3 -0.405725 -0.311154 1.023383 -0.306504
4 -7.334381 -6.913047 -46.677912 60.925336
4 1.086074 -0.317303 -53.056948 52.288177
3 -109.620497 -14.107660 135.576050 -11.847829
3 -51.117984 -76.679233 179.066505 -51.269295
3 -21.527766 5.325609 11.060839 5.141439
3 -11.360298 -8.712307 28.654738 -8.582098
3 -90.133579 -9.026708 107.978283 -8.817999
3 -27.090176 31.008324 44.780263 -48.698388
3 -21.975317 -16.374164 54.431870 -16.082391
3 -167.950876 -38.206928 222.984096 -16.826233
1 0.000000 0.000000 0.000000 0.000000
3 -31.606650 -156.098391 185.718150 1.986908
3 -10.357010 -28.458470 54.082066 -15.266623
1 0.000000 0.000000 0.000000 0.000000
3 -11.109399 -4.565995 19.996396 -4.320974
3 -19.949315 -20.175173 60.192623 -20.068133
4 -48.551554 1.428929 10.045906 37.076697
1 0.000000 0.000000 0.000000 0.000000
3 -9.101293 -34.557431 29.829468 13.829257
3 -174.939673 -241.581634 249.251836 167.269479
3 -8.114498 -6.223077 20.467670 -6.130070
1 0.000000 0.000000 0.000000 0.000000
3 -22.187994 -17.441678 58.220673 -18.591007
3 -66.182872 -10.359037 261.746287 -185.204312
3 -0.645922 -0.622335 30.959228 -29.690971
3 -31.312892 -210.384976 175.615520 66.082328
1 0.000000 0.000000 0.000000 0.000000
3 -0.125336 -24.628288 16.390358 8.363264
3 -194.345462 -100.229249 271.625356 22.949376
1 0.000000 0.000000 0.000000 0.000000
3 -45.380543 7.937018 32.204395 5.239136
1 0.000000 0.000000 0.000000 0.000000
3 -21.251222 -133.511702 174.766419 -20.003483
3 -19.981748 3.656432 13.378889 2.946379
3 -9.996364 -59.587278 129.016404 -59.432739
3 -15.950080 -14.699066 44.311668 -13.662534
3 1.694966 -1.956830 2.165805 -1.903944
4 -41.027452 25.898673 -102.860396 117.989172
2 -0.581944 0.313107 0.032628 0.236209
3 -152.368638 38.117546 66.115580 48.135505
1 0.000000 0.000000 0.000000 0.000000
4 -0.576792 -0.145218 -0.541567 1.263577
4 -85.768250 -72.014013 28.728409 129.053720
3 -27.539420 -9.431760 227.736797 -190.765610
3 -6.580750 -11.387083 31.451797 -13.483965
3 -125.025294 -38.514029 202.574631 -39.035272
1 0.000000 0.000000 0.000000 0.000000
4 0.000000 -35.838329 -35.817600 71.655930
1 0.000000 0.000000 0.000000 0.000000
2 -182.882225 337.137211 -50.362195 -103.892806
3 -4.868699 -3.733846 12.280602 -3.678042
1 0.000000 0.000000 0.000000 0.000000
3 -172.710372 -38.092280 158.088495 52.714155
3 -29.646246 17.289333 27.980973 -15.624072
3 -25.560558 -26.889179 72.671698 -20.221973
3 -101.380427 0.015663 98.626953 2.737768
3 -1.051647 -0.933488 2.927052 -0.941915
1 0.000000 0.000000 0.000000 0.000000
3 -9.410600 -7.453238 24.203173 -7.339311
3 -11.879018 4.682963 70.971176 -63.775124
1 0.000000 0.000000 0.000000 0.000000
3 -0.405725 -0.311154 1.023383 -0.306504
3 -65.033126 -48.387773 76.788191 36.632713
3 -12.867286 -13.835460 40.416016 -13.713278
3 -42.599532 -8.196710 35.726065 15.070159
3 -4.868699 -3.733846 12.280602 -3.678042
2 -32.959708 52.255257 -28.669078 9.373504
3 -17.818527 7.024445 106.456764 -95.662685
3 -15.604305 -14.587831 43.964012 -13.771884
3 -8.712602 -46.860863 111.303117 -55.729628
3 -9.631610 -13.182125 40.836350 -18.022596
1 0.000000 0.000000 0.000000 0.000000
4 -27.318339 88.933689 -249.417747 187.802387
3 -2.481757 -6.562670 10.611974 -1.567516
3 -61.744609 -59.539392 298.714257 -177.430296
4 -13.841423 -136.288223 60.011659 90.117989
3 -29.777812 -201.848389 154.557851 77.068314
3 -42.506447 -41.388745 125.265751 -41.370554
4 -5.609897 -4.608146 -36.576130 46.794170
2 0.000000 173.970136 -182.029426 8.059302
2 -74.530397 72.871704 20.404716 -18.746026
3 -54.553541 -10.127096 44.161418 20.519225
3 -112.340247 16.928078 183.757222 -88.345177
3 -78.880597 -14.864738 158.637313 -64.891968
1 0.000000 0.000000 0.000000 0.000000
3 -8.114498 -6.223077 20.467670 -6.130070
1 0.000000 0.000000 0.000000 0.000000
3 -20.517853 -179.794900 118.075159 82.237610
3 -0.405725 -0.311154 1.023383 -0.306504
3 -175.713003 -174.777096 508.555449 -158.065363
3 -107.316283 -30.257572 136.644225 0.929682
4 0.000000 0.000000 -94.505516 94.505516
3 -24.322073 -45.172752 45.348122 24.146708
3 -150.547348 -72.367463 342.943991 -120.029185
3 -34.768242 -20.334918 77.874361 -22.771196
3 -47.700971 -15.117235 76.655782 -13.837580
3 -25.001189 6.145663 114.168124 -95.312653
3 0.072811 -0.062671 2.648796 -2.658936
3 -304.192787 -50.210181 626.431016 -272.028113
1 0.000000 0.000000 0.000000 0.000000
3 -22.157634 -31.537983 346.605213 -292.909591
4 -3.390377 4.821125 -10.438008 9.007258
3 -0.405725 -0.311154 1.023383 -0.306504
4 -57.824299 -19.996557 37.977997 39.842854
3 -7.851431 -7.557704 24.454904 -9.045778
3 -0.405725 -9.470531 10.490815 -0.614558
3 -62.581036 -131.650735 178.661093 15.570716
2 -6.303319 2.580122 2.552583 1.170618
3 -2.112873 -0.398163 2.798272 -0.287236
3 -6.423117 -62.474101 37.884380 31.012836
2 -0.097431 27.721067 -14.135412 -13.488223
3 20.283380 -143.759956 103.007183 20.469420
3 -93.089976 22.648838 49.514118 20.926970
3 -0.463414 -0.689301 2.143466 -0.990751
3 -132.601726 -48.194828 283.107266 -102.310705
4 12.600679 12.585422 -137.949379 112.763248
3 -11.480331 -112.724110 135.600277 -11.395837
1 1.180486 -0.674804 0.143187 -0.648871
1 0.000000 0.000000 0.000000 0.000000
3 -31.996926 -2.532959 23.071756 11.458123
3 -43.146981 -44.778056 57.713728 30.211309
1 0.000000 0.000000 0.000000 0.000000
4 -16.844505 -14.418161 -35.182117 66.444786
4 -39.301668 -14.799687 -30.817665 84.919020
4 -27.189612 -30.710630 -90.736403 148.636640
4 4.181046 -14.741212 -108.138080 118.698270
3 -28.760426 -17.087630 63.112445 -17.264339
3 -85.306182 31.793005 74.958748 -21.445517
1 0.000000 0.000000 0.000000 0.000000
3 -8.833509 -6.650267 22.045481 -6.561679
3 -25.977747 -147.725860 111.964036 61.739595
3 -21.312218 -19.431129 60.141811 -19.398443
3 -58.584503 -73.639643 194.858735 -62.634556
3 -57.286721 -0.337384 66.997836 -9.373734
3 -4.868699 -3.733846 12.280602 -3.678042
3 -49.019475 -64.963677 133.517413 -19.534271
1 0.000000 0.000000 0.000000 0.000000
3 -159.745945 -132.572841 275.871367 16.447506
3 -9.786613 -14.197526 32.642331 -8.658162
3 -15.254743 6.021998 62.200817 -52.968024
3 -41.716130 -49.434286 99.297750 -8.147339
4 -13.798263 -18.228054 -141.002975 173.029281
4 -25.077821 -22.766161 10.126553 37.717451
3 -41.122726 9.449126 21.681206 9.992394
3 -43.526619 -41.660780 116.653913 -31.466529
3 -6.259854 -4.888720 14.063821 -2.915231
3 -12.314405 -10.980397 35.712122 -12.417316
3 -32.505671 -63.752798 111.116867 -14.858408
3 -18.200816 -23.158413 67.866972 -26.507720
3 -21.479539 -22.783072 51.501416 -7.238805
1 0.000000 0.000000 0.000000 0.000000
3 -8.114498 -6.223077 20.467670 -6.130070
3 -0.719011 -0.427191 1.577811 -0.431608
3 -26.540054 -60.596061 107.422891 -20.286757
3 -47.390557 -6.477235 59.431442 -5.563622
3 -0.645922 -0.622335 1.903669 -0.635412
3 -36.397605 7.765114 101.905258 -73.272735
1 0.000000 0.000000 0.000000 0.000000
3 -25.391473 -19.854539 54.049335 -8.803306
3 -9.511828 -9.674377 28.860616 -9.674406
3 -0.405725 -0.311154 1.023383 -0.306504
3 -30.881608 68.569650 82.832989 -120.520993
3 -17.447453 -58.574444 127.497958 -51.476052
3 -0.405725 -0.311154 1.023383 -0.306504
1 0.000000 0.000000 0.000000 0.000000
3 -22.678656 -19.091177 42.469587 -0.699755
3 -1.489054 -3.937602 6.367184 -0.940510
4 -13.957723 -13.873931 -8.913808 36.745460
1 0.000000 0.000000 0.000000 0.000000
3 -30.634729 -50.476780 91.708609 -10.597109
1 0.000000 0.000000 0.000000 0.000000
3 -64.642642 -24.771983 111.877040 -22.462394
3 -78.775608 -74.046456 106.371422 46.450637
2 11.945458 137.130517 -195.877768 46.801813
3 -0.405725 -0.311154 1.023383 -0.306504
3 -25.276726 -39.341315 61.694169 2.923876
2 0.558213 126.055309 -221.378551 94.765037
3 -120.120648 -14.946270 142.333733 -7.266832
3 -34.419813 -29.717870 89.381209 -25.243534
2 -10.803435 13.360501 -15.323596 12.766469
4 -54.242460 -42.144834 -198.420650 294.807935
3 -165.772493 -79.471292 405.637195 -160.393433
1 79.061156 -27.558775 56.642871 -108.145259
3 -45.528013 -37.358930 96.968821 -14.081887
3 -14.721610 -459.965681 244.344598 230.342667
3 -13.041160 14.722489 22.946577 -24.627906
3 -177.940939 -0.011031 169.477169 8.474866
3 -89.286335 -50.405955 127.839440 11.852863
3 -38.175304 -33.243536 101.865230 -30.446360
3 -23.585392 -23.368599 70.362335 -23.408340
3 -42.359504 -23.918010 54.443933 11.833581
3 -0.607001 -0.679541 2.542461 -1.255919
2 -6.210086 69.003107 -56.732552 -6.060471
3 -43.298572 -99.961851 122.856684 20.403745
1 0.000000 0.000000 0.000000 0.000000
1 0.000000 0.000000 0.000000 0.000000
1 0.000000 0.000000 0.000000 0.000000
1 0.000000 0.000000 0.000000 0.000000
3 -14.409796 -73.278182 100.797439 -13.109455
3 -0.405725 -0.311154 1.023383 -0.306504
3 -24.079612 -23.553749 63.142932 -15.509595
3 -6.491599 -4.978461 16.374136 -4.904056
3 -77.131118 -0.587459 88.374090 -10.655666
3 -67.170549 -60.300597 67.155926 60.315278
3 -17.903694 -129.259351 189.424515 -42.261467
3 -99.633441 -183.816559 262.695954 20.754056
3 -6.101343 -83.613670 95.191315 -5.476301
3 -62.326180 -7.806534 76.703697 -6.570947
3 -0.719011 -0.427191 1.577811 -0.431608
2 -10.219151 73.679367 34.547186 -98.007396
3 -66.690318 15.286743 82.942856 -31.539460
3 -124.088608 -44.834370 137.444947 31.478040
3 -33.520607 -70.192744 167.027789 -63.314391
3 -0.959605 -4.119513 5.776325 -0.697207
2 -28.217020 85.384005 -18.807984 -38.358998
3 -32.648102 -20.552485 67.198997 -13.998435
3 -54.767601 -41.400682 136.385798 -40.217479
4 -24.399428 -18.413638 21.289010 21.524037
