3 -18.616102 -158.579929 128.031366 49.164638
3 -0.000000 -74.145962 58.199759 15.946199
3 -31.222575 -43.006660 93.110330 -18.881234
2 -8.755732 13.438070 -4.682339 -0.000000
3 -87.637019 -143.489366 170.212205 60.914239
3 -12.720093 -21.681490 58.921810 -24.520315
3 -203.374596 63.547301 104.381924 35.445333
3 -120.103785 -248.218302 284.864114 83.457782
4 -108.413388 31.473549 -21.584118 98.523930
3 -0.191216 -127.051040 112.032745 15.209500
3 -288.584711 -17.451232 166.137911 139.897981
3 -46.116753 -82.320901 283.648957 -155.211528
4 -26.644943 -68.584447 -30.786997 126.016343
4 -23.960453 -115.308160 48.027826 91.240686
3 67.357983 -207.451091 141.170668 -1.077648
3 -17.669648 -24.671405 53.457995 -11.117024
3 -33.396660 -44.669915 96.535788 -18.469351
4 -25.301703 -149.964634 44.071072 131.195133
3 -69.998488 -49.437572 251.645496 -132.209562
3 -28.651322 -19.473372 104.155686 -56.031041
3 -101.743892 -55.131224 192.771364 -35.896284
3 -34.019810 -53.042803 103.659523 -16.596963
3 -18.872416 -34.557165 57.426977 -3.997466
3 -2.604355 0.000000 2.604355 -0.000000
3 -18.872416 -23.998213 51.693352 -8.822793
3 -41.162579 2.518099 98.579579 -59.935098
3 -26.594455 -20.308461 84.903599 -38.000728
3 -67.046311 45.859895 265.634093 -244.447838
3 -296.872126 81.034391 191.400045 24.437599
1 0.000000 0.000000 0.000000 0.000000
3 -289.812471 80.293626 165.130453 44.388304
3 -11.645678 -115.930955 137.255273 -9.678787
3 -35.817006 -43.676874 56.628639 22.865096
3 -12.803144 -73.937581 79.618798 7.121993
3 -5.088037 -8.828826 13.070803 0.846026
4 -43.745081 -29.997766 31.515184 42.227574
3 -110.492208 101.548486 332.730570 -323.786854
3 -48.173895 70.031534 213.940742 -235.798471
3 -9.436208 -11.999106 25.846676 -4.411397
3 -26.504471 -86.437748 118.986831 -6.044736
3 29.278831 -61.313228 72.415476 -40.381224
3 -18.246262 -15.649050 45.058371 -11.163193
3 -2.344780 -112.519816 184.674770 -69.810339
3 -0.000000 -4.265399 4.265399 -0.000000
3 -50.384959 -337.566048 439.780017 -51.829068
3 33.405671 -110.874534 60.737445 16.731564
3 -5.088037 -60.828196 62.474692 3.441504
3 -37.118584 -179.905099 173.652296 43.371308
3 -26.504471 -37.007107 80.186992 -16.675536
4 -35.657745 -21.628199 -245.313534 302.599429
3 -42.971351 -25.510366 118.293382 -49.811882
4 -19.440372 -33.062786 -199.865544 252.368677
3 -179.955711 -175.110469 401.369009 -46.302889
2 -117.644746 59.572640 23.152344 34.919613
4 -114.991753 14.841665 -72.428127 172.578156
3 -24.773508 50.130621 111.676355 -137.033486
4 -47.275133 -103.367921 52.401892 98.241086
3 -18.872416 -10.264357 46.445373 -17.308670
3 61.050904 -214.948634 85.374657 68.523297
3 -17.068263 -25.008000 54.340316 -12.264139
4 -37.443921 -387.491263 158.160185 266.774972
3 59.686411 -217.785044 91.641702 66.457140
3 -54.713004 -45.407925 60.845596 39.275190
3 -58.643082 -102.413094 158.251364 2.804816
