3 -5.962696 -105.111219 106.835815 4.238077
4 -268.783941 239.132681 -319.686408 349.338063
3 -8.172508 -59.367493 76.256230 -8.716280
1 0.000000 0.000000 0.000000 0.000000
3 -45.208917 19.521921 23.205446 2.481864
3 -34.202714 -32.486307 99.998922 -33.309860
3 40.701368 -88.066096 273.087908 -225.723163
3 -17.845456 -10.087486 38.885976 -10.952737
1 0.000000 0.000000 0.000000 0.000000
3 -12.893077 -11.885152 36.672918 -11.894664
3 -253.836099 101.123652 349.803605 -197.090922
4 -75.969050 -167.491353 114.894575 128.565550
3 161.107052 -72.906750 565.835705 -654.035963
4 2.558972 -213.658471 47.054940 164.044503
3 -25.400635 -82.450294 138.591567 -30.741166
4 -175.253137 2.999232 4.984432 167.269556
3 -9.418544 -69.228394 70.208343 8.438328
3 -25.607329 -24.562872 75.550310 -25.380084
3 69.903283 -57.281952 185.644577 -198.265924
1 0.000000 0.000000 0.000000 0.000000
3 12.524329 -72.893806 47.459255 12.910306
3 -1.074423 -0.990429 3.056077 -0.991222
3 -108.648725 -145.077786 264.530255 -10.803146
3 -90.888875 -18.608894 114.551790 -5.053940
3 -79.677072 26.362318 66.961353 -13.646602
1 0.000000 0.000000 0.000000 0.000000
3 -11.460513 -10.564580 32.598151 -10.573035
3 -50.449453 -108.191207 284.864641 -126.223856
4 -0.132377 -0.297163 -3.703758 4.132998
3 -37.852620 -86.802400 163.463951 -38.809051
3 -29.371011 -26.978349 53.522905 2.826629
3 0.113544 -1.167244 0.934471 0.119228
3 -8.661030 -1.104178 211.359272 -201.594059
3 -39.259246 -30.477577 114.531953 -44.795189
3 -32.469358 -176.540936 110.780411 98.229970
3 -446.050503 -175.574334 801.176298 -179.551472
4 -64.151434 1.747441 3.268335 59.135627
3 -19.243404 -90.420856 124.155217 -14.491197
3 -82.987724 -14.000066 179.461622 -82.473663
4 -3.852822 -3.037906 2.247593 4.643134
1 0.000000 0.000000 0.000000 0.000000
3 -75.476437 -73.672004 223.151545 -74.003130
4 -27.001952 -41.518800 -8.531745 77.052185
1 0.000000 0.000000 0.000000 0.000000
3 -8.205655 -9.487930 23.621223 -5.927534
3 -8.595385 -7.923435 24.448612 -7.929776
3 -56.373771 -90.822480 118.927772 28.268541
3 -66.000435 18.811505 49.707386 -2.517522
3 -11.082459 -19.312704 49.205159 -18.809993
3 -18.413660 -128.762427 446.129019 -298.952743
3 -18.673336 -46.612012 270.747391 -205.461930
3 76.042777 -21.146578 136.837280 -191.733569
3 -5.870338 -35.937298 64.943149 -23.135526
4 -41.996063 -111.530511 38.108926 115.417711
4 -0.034390 0.329511 -2.762785 2.467664
4 2.008655 -4.723957 -0.310708 3.026009
3 -14.448483 -30.377661 70.393164 -25.566994
3 -8.326228 -7.725359 22.517231 -6.465713
4 -57.126964 -93.375138 72.046299 78.456743
3 3.397937 -27.518673 17.598850 6.521641
3 -65.529478 -146.644460 448.197462 -236.023510
3 -5.815646 -6.606247 17.872406 -5.450241
3 -5.407039 -6.686115 16.772522 -4.679234
3 -44.819124 -48.715090 257.151818 -163.617462
3 -8.356573 -7.663290 23.878865 -7.858593
3 -243.983671 -37.089182 179.226137 101.846949
1 0.000000 0.000000 0.000000 0.000000
4 -0.584844 -0.484883 -1.052215 2.121941
3 -15.867651 -12.441545 48.808720 -20.499524
3 -30.415149 -8.040807 64.430503 -25.974516
2 -3.135617 84.193176 3.184196 -84.241578
3 -30.923235 -134.052613 316.960487 -151.984497
3 -30.083846 -27.732022 85.570143 -27.754215
3 -18.763415 -47.822450 83.548833 -16.962955
4 -61.990470 -67.268720 -155.167459 284.426776
3 146.150719 -41.597147 578.615771 -683.167943
3 -8.356573 -7.663290 23.878865 -7.858593
3 -289.005223 62.851787 330.676836 -104.523424
3 -25.786154 -23.770304 73.345837 -23.789327
4 1.229921 0.961826 -3.444224 1.252525
4 -19.765749 -7.674158 -16.732087 44.172030
4 -5.666014 -101.026437 -9.482541 116.174994
3 -1.074423 -0.990429 3.056077 -0.991222
3 -81.867791 16.310652 117.333433 -51.776248
3 -24.669669 -22.836930 77.057089 -29.550374
4 -15.889363 67.974747 -141.714373 89.628989
1 229.268485 -286.923186 64.257980 -6.603020
3 -120.705233 -22.926438 263.844463 -120.212791
4 -53.945860 -70.052301 -29.950522 153.948309
3 -41.908584 -74.450676 189.425430 -73.065641
3 -27.299693 -17.806414 42.496198 2.609735
3 -9.727431 -70.092800 53.122980 26.697243
3 5.927981 -161.210058 112.447049 42.835126
