3 -15.531429 -83.911961 112.151153 -12.707760
4 -26.459653 -100.665198 -691.510271 818.635130
3 -40.790170 -63.432713 59.008380 45.214509
3 -48.812580 -108.673690 167.791814 -10.305540
3 -12.915626 -6.346720 79.353708 -60.091358
4 -8.004741 -33.689064 -33.461204 75.155009
3 -25.885715 -86.438007 72.174191 40.149537
3 -33.398190 -56.626477 76.982450 13.042217
3 0.000000 0.000000 22.750907 -22.750907
3 0.000000 180.956554 245.682667 -426.639222
3 -0.019807 -0.031392 6.960527 -6.909328
3 -67.024047 -123.865291 215.491819 -24.602477
1 0.000000 0.000000 0.000000 0.000000
3 -12.915626 -6.346720 22.388479 -3.126129
4 -15.531429 -51.862804 33.555679 33.838557
3 -111.107712 -68.899075 262.757858 -82.751066
3 -37.069584 15.402592 193.765106 -172.098096
4 -13.805715 -46.100272 29.827271 30.078718
3 -52.593918 -107.772193 121.315880 39.050244
3 -38.277225 -59.885813 98.957430 -0.794388
2 -9.723692 94.334816 -57.570614 -27.040516
3 -47.913506 -124.137222 135.918640 36.132092
3 -71.873912 -325.057932 373.833995 23.097836
