3 -3.130665 -80.968445 86.326824 -2.227716
2 -3.147194 10.479809 1.402535 -8.735150
2 -0.316002 7.250248 -6.934246 0.000000
3 -3.951136 0.058229 3.518279 0.374628
1 0.000000 0.000000 0.000000 0.000000
3 -25.547630 -26.009419 78.240426 -26.683379
3 -26.095273 -25.388051 71.904897 -20.421571
3 -22.964524 -125.866260 186.454364 -37.623580
4 -10.742335 -5.942171 7.727254 8.957252
3 -6.217790 -7.542090 14.998124 -1.238244
4 -45.321126 25.340325 -105.991971 125.972775
3 -2.871527 -2.548547 49.911037 -44.490963
2 -0.460693 1.191908 0.702379 -1.433594
4 -22.994685 -113.643122 24.275067 112.362743
3 -27.064126 -22.766167 49.962314 -0.132020
1 0.000000 0.000000 0.000000 0.000000
1 0.000000 0.000000 0.000000 0.000000
1 0.000000 0.000000 0.000000 0.000000
4 -103.313642 -96.543644 -147.076864 346.934151
