2 -5.311302 38.493782 -33.182480 -0.000000
3 62.544528 -425.326284 277.169690 85.612050
3 -21.963354 7.515665 12.564115 1.883565
2 -766.083860 367.057472 320.837644 78.188584
4 -21.149521 -75.537683 21.348413 75.338789
2 -411.655460 285.432793 105.525275 20.697294
4 -33.932971 -96.839211 34.355233 96.416956
3 -325.575850 -125.647315 465.104628 -13.881529
3 -257.105202 -134.871124 253.775419 138.200787
1 0.000000 0.000000 0.000000 0.000000
3 -56.294983 33.596023 58.531217 -35.832257
3 14.254310 -177.988028 125.966504 37.767201
3 -883.056266 171.438225 573.432679 138.185114
3 -436.910456 30.624916 283.700724 122.584704
4 -22.112577 -73.497482 -13.647240 109.257298
