3 -153.447770 -29.823797 127.033767 56.237823
4 -128.257347 38.502325 36.270433 53.484602
3 -177.038955 -10.816469 262.398821 -74.543291
4 -366.237741 0.418258 137.500761 228.318721
3 -147.066422 -25.165581 481.464951 -309.232920
3 -43.691697 -27.438981 47.094051 24.036645
4 -97.876829 -71.307804 -49.437401 218.622045
3 -65.537544 -45.429011 252.219256 -141.252661
3 -144.102728 -37.299826 134.573054 46.829544
4 -331.150180 -170.600776 214.453909 287.297071
3 -65.537544 -41.158470 70.641075 36.054966
3 -396.902121 -78.659672 308.304435 167.257468
4 -150.232315 -6.009304 -627.898117 784.139702
3 -183.022387 -118.756013 211.335100 90.443307
3 -102.060453 -42.968702 107.916738 37.112442
3 -81.921930 -51.454515 132.703600 0.672879
4 -270.913587 -71.933805 68.704558 274.142846
