1 0.000000 0.000000 0.000000 0.000000
1 0.000000 0.000000 0.000000 0.000000
3 -9.290203 -12.414650 23.135634 -1.430994
3 -448.353262 79.349837 287.340856 81.662178
4 -6.177653 -10.438567 6.705369 9.910766
3 -84.787278 -80.255117 292.938127 -127.895761
3 -24.754990 -5.269506 35.992254 -5.967812
3 -7.533937 -7.242843 22.024419 -7.247645
3 -34.125209 -36.823587 115.094977 -44.146396
1 0.000000 0.000000 0.000000 0.000000
1 0.000000 0.000000 0.000000 0.000000
3 -142.196259 -156.012049 478.665695 -180.457401
4 -15.400368 -15.428966 -22.476318 53.305653
1 3.124702 -3.701586 3.028963 -2.452088
3 -0.624913 -0.620009 1.886250 -0.641326
3 -65.152659 -42.549359 112.652263 -4.950464
3 -0.159628 -0.040212 0.276135 -0.076294
4 -3.174276 -62.455320 -31.397461 97.026632
3 -6.504719 -21.364084 33.308283 -5.439551
4 -8.576887 -67.368416 -24.677205 100.623110
3 -13.981549 -72.119452 86.331167 -0.230149
4 -16.458361 -48.266498 -136.183593 200.908317
3 -7.011110 -6.490959 20.927320 -7.425464
3 -315.963366 27.444308 261.545259 26.973344
3 -54.942420 -53.233282 433.631660 -325.455682
3 -64.581821 6.737493 44.246632 13.597700
4 -11.906009 -82.348925 8.387323 85.867142
3 -34.759622 -33.404378 178.734419 -110.570427
3 -186.033968 -84.201531 249.391766 20.843661
3 -27.965878 -199.006197 224.163830 2.808118
3 -236.732626 30.216540 116.554947 89.961131
3 -37.509923 -60.940359 244.258953 -145.808604
1 4.406923 2.095805 0.424635 -6.927368
2 -53.158636 134.884467 -44.640110 -37.085741
2 -192.002221 229.691845 -40.280968 2.590993
4 -11.927897 -58.576360 -63.574911 134.079178
3 -151.030129 5.011153 140.704597 5.314341
3 0.000000 -0.000000 5.995204 -5.995204
1 0.000000 0.000000 0.000000 0.000000
3 -250.999466 50.524685 149.429993 51.044735
4 0.311879 -3.728224 0.405630 3.010716
1 0.000000 0.000000 0.000000 0.000000
3 -194.145091 -45.498255 405.428746 -165.785487
3 -0.624913 -11.778553 58.657572 -46.254105
4 -124.536658 -229.951707 133.793098 220.695869
4 -54.400698 -20.432507 -16.288704 91.121891
3 -106.585700 -8.177745 106.321353 8.442108
4 0.000000 -89.638586 -17.708361 107.346945
1 0.000000 0.000000 0.000000 0.000000
3 -174.047270 -129.464846 226.690398 76.821554
3 -239.899477 -39.909283 218.201340 61.607801
1 5.207837 -6.169311 5.048272 -4.086814
3 -87.074520 4.727564 61.606116 20.740856
4 -15.400368 -15.428966 -22.476318 53.305653
3 -1.697951 -63.196790 106.280518 -41.385771
3 9.321458 -71.915176 53.370838 9.223228
3 -62.914580 -54.333873 313.645295 -196.397036
3 -9.104196 -9.068362 25.838368 -7.666108
3 -7.283585 -1.473233 11.666213 -2.909404
2 -184.561195 136.156995 83.860135 -35.456022
2 -31.973299 81.023220 -26.859790 -22.190143
3 -0.440938 -6.591774 7.613750 -0.581022
2 -53.288832 135.038700 -44.766316 -36.983571
3 -0.356384 -2.665204 174.655243 -171.633654
1 21.143374 12.798779 -35.631440 1.689286
3 9.321458 -71.915176 53.370838 9.223228
3 -13.407502 25.964556 77.460947 -90.018004
3 -9.998608 -9.920146 30.180008 -10.261220
3 11.651822 -89.893970 66.713548 11.529036
3 -30.854093 -15.430433 90.208814 -43.924202
3 -12.716191 -12.111617 36.983501 -12.155702
3 -38.950871 -30.232075 99.272625 -30.089790
3 -33.508644 -26.579685 86.611348 -26.523034
3 -193.423727 18.661606 145.882257 28.879813
4 0.000000 -1.566773 -4.873436 6.440209
3 -68.545194 -24.980245 71.909612 21.615570
1 0.000000 0.000000 0.000000 0.000000
3 -0.508113 -0.013558 2.471343 -1.949672
3 -27.873925 -50.430036 177.866018 -99.562158
1 0.000000 0.000000 0.000000 0.000000
3 -77.136938 -6.216053 92.239888 -8.886913
3 -27.231431 -89.318153 104.827662 11.722269
1 0.000000 0.000000 0.000000 0.000000
3 -14.997911 -14.880219 45.270012 -15.391830
2 -3.838148 3.878651 -0.796929 0.756423
3 14.826765 -92.806168 72.052810 5.927033
1 0.000000 0.000000 0.000000 0.000000
3 -12.556562 -12.071404 36.707366 -12.079408
3 8.837305 -73.031602 58.261267 5.933379
3 -0.159628 -0.040212 0.276135 -0.076294
1 0.000000 0.000000 0.000000 0.000000
3 16.393678 -124.123903 98.471306 9.259365
3 -187.930317 -122.452731 318.037111 -7.654131
3 -7.954401 -25.584929 30.195618 3.343831
3 -58.660808 -91.187143 402.299927 -252.451529
4 0.000000 -225.569381 -16.230673 241.800060
4 -62.126709 -118.784474 -39.090265 220.001324
3 -16.721704 -14.092027 45.005370 -14.191645
3 6.991093 -53.936382 40.028129 6.917421
3 -52.508945 0.447318 51.450581 0.611020
3 -40.426268 -36.269513 117.405567 -40.709775
3 -47.301109 -5.721993 56.498853 -3.475794
3 -15.283952 -13.311290 52.108871 -23.513634
1 0.000000 0.000000 0.000000 0.000000
3 -7.533937 -7.242843 22.024419 -7.247645
4 -41.237293 -41.127880 32.270277 50.094996
4 -221.567190 18.094962 16.810980 186.661199
1 28.191166 17.065039 -47.508587 2.252382
4 -49.855709 -49.853420 -49.895592 149.604721
3 -3.223435 -1.128882 4.430487 -0.078255
3 -10.703126 -10.881642 74.343984 -52.759217
2 -219.335303 186.018116 -1.724194 35.040915
3 -13.394957 -487.754169 443.111152 58.037958
3 0.291296 -2.247349 1.667839 0.288226
3 -59.158083 -67.067515 177.925405 -51.699816
3 -23.790426 -19.822102 62.569982 -18.957469
3 -31.518685 -19.999885 72.843966 -21.325481
