3 -25.983813 -15.784479 38.687918 3.080382
4 -0.906549 18.447237 -36.279262 18.738540
3 -42.873271 -56.484953 83.322038 16.036221
1 0.000000 0.000000 0.000000 0.000000
4 11.419729 10.746797 -101.713877 79.547356
3 -119.891251 -98.780911 247.434880 -28.762765
3 -44.549535 -28.256945 95.531478 -22.724972
1 0.000000 0.000000 0.000000 0.000000
4 -378.834991 16.332698 167.721596 194.780674
3 -108.250455 -50.593302 204.885211 -46.041431
3 -15.697407 -13.411887 27.673940 1.435353
3 -41.624559 -17.381317 88.187465 -29.181589
2 -7.257571 23.909201 9.551905 -26.203539
3 -52.538899 -67.967764 170.672211 -50.165542
2 -33.342441 145.053059 -246.299490 134.588866
3 -22.302342 -64.183232 188.826471 -102.340900
3 -35.369818 -21.786025 81.868410 -24.712565
4 -114.903032 116.760549 -523.124146 521.266619
1 0.000000 0.000000 0.000000 0.000000
3 -8.870627 -36.379166 44.722356 0.527417
3 -0.139109 0.056707 0.278114 -0.195712
3 -71.590617 -37.965158 140.481715 -30.925890
2 -1.259950 3.782148 -1.261945 -1.260254
3 -23.066956 -3.755861 25.962128 0.860708
3 -2.188868 -1.201565 4.403658 -1.013223
3 -109.494410 -73.638225 270.501630 -87.369019
3 -59.641700 -69.555952 142.951324 -13.753682
3 0.000000 0.000000 3.370898 -3.370898
3 -125.291353 -38.370901 199.407865 -35.745659
3 -37.469034 -24.051158 133.856533 -72.336379
1 0.000000 0.000000 0.000000 0.000000
4 -9.147484 -23.480327 -23.168578 55.796423
3 -1.680726 -1.037779 3.402719 -0.684213
3 -28.898421 -102.797648 153.690326 -21.994261
4 -20.279765 -31.124100 -44.776182 96.180044
3 -37.587998 -35.064331 97.518908 -24.866560
3 -0.942854 -3.326909 64.425493 -60.155725
4 -7.388203 -25.812721 -48.155405 81.356346
3 -29.621493 -40.346533 179.129889 -109.161855
4 -61.870737 -22.105748 23.543740 60.432615
2 -2.931697 3.075153 -2.588078 2.444665
3 -47.960548 -14.606009 77.799768 -15.233191
3 -42.128291 -30.858060 46.390728 26.595638
1 0.000000 0.000000 0.000000 0.000000
3 -67.303229 -53.088775 172.784108 -52.392098
3 -8.707061 -52.850891 69.252018 -7.694097
3 -7.508047 -52.485741 67.307024 -7.313267
3 -19.012857 -119.004254 145.788552 -7.771479
1 0.000000 0.000000 0.000000 0.000000
4 -3.865263 -1.388672 -0.148993 5.402928
4 -27.188128 -8.313263 -6.226765 41.728195
4 -54.719775 -45.949902 -15.896339 116.566020
3 -37.973768 -75.741505 144.129030 -30.413786
3 -6.715644 11.159178 99.730316 -104.173840
3 -35.329044 -73.001020 113.764638 -5.434588
1 0.000000 0.000000 0.000000 0.000000
3 -395.778709 -287.267099 963.236892 -280.191089
4 -206.890079 -197.815150 165.056754 239.648507
3 -161.135627 -205.414454 512.817270 -146.267169
2 0.000000 65.628585 20.778101 -86.406691
1 0.000000 0.000000 0.000000 0.000000
3 -37.419275 -18.182485 70.886338 -15.284577
3 -12.581719 -392.767661 412.938136 -7.588717
3 -36.824437 -24.126058 228.047445 -167.096940
3 -31.672488 -83.073428 193.923691 -79.177780
3 -15.284328 -27.852519 68.609001 -25.472151
3 -213.316773 39.102574 143.352680 30.861438
2 -64.242786 179.136026 175.310589 -290.203836
4 -67.744615 -83.420713 -32.786880 183.952194
3 -24.281325 -47.443115 115.863198 -44.138794
3 -16.501631 -7.654906 31.142546 -6.986006
3 -7.508047 -52.485741 67.307024 -7.313267
3 -28.905390 -89.163048 114.272208 3.796228
4 -11.292438 -8.315537 -50.413081 70.021070
1 0.000000 0.000000 0.000000 0.000000
3 -39.358293 -12.521222 64.698478 -12.818946
3 -0.072214 -0.540187 0.612401 -0.000000
3 -11.283302 40.478424 74.356728 -103.551849
3 -0.989854 -0.836415 2.458663 -0.632393
3 -54.094899 -49.769310 119.034738 -15.170494
4 -111.335426 19.504669 40.673230 51.157530
3 -33.455028 -27.931907 124.518105 -63.131064
3 -38.368439 -11.684807 62.239815 -12.186553
3 -355.943403 -447.988792 1239.304161 -435.372035
3 -7.568528 -391.451813 270.328854 128.691375
2 -8.846847 62.296470 -45.916271 -7.533350
3 -24.752446 -11.482359 46.713819 -10.479009
3 -12.513412 -87.476234 112.178373 -12.188778
1 0.285493 0.268670 -0.737507 0.183344
3 -79.423646 -61.396070 200.987686 -60.167960
3 -1.154946 -0.541215 2.103837 -0.407676
1 0.000000 0.000000 0.000000 0.000000
3 -28.021585 -10.775373 47.438913 -8.641953
1 0.000000 0.000000 0.000000 0.000000
3 -39.135189 -29.843989 102.674376 -33.695195
3 -34.054695 -10.860676 55.176502 -10.261147
3 -14.167677 -17.144341 66.406136 -35.094032
3 -44.549535 -28.210655 95.887088 -23.126871
3 -1.443093 -6.088546 4.118806 3.412832
3 -4.714763 11.494176 137.804586 -144.583997
3 -21.729003 7.502333 107.418954 -93.192276
3 -23.797387 -16.535784 41.284147 -0.950950
3 -28.776329 -8.763605 46.679861 -9.139915
4 -86.542429 36.905484 8.644979 40.991987
3 -19.797089 -16.728296 49.173269 -12.647862
3 -21.022054 -18.393266 57.559250 -18.143934
3 -4.143333 0.848537 2.678272 0.616554
1 11.203894 1.311046 -21.185150 8.670213
3 -27.715925 -23.419615 68.842577 -17.707007
3 -0.017089 0.000000 0.044044 -0.026956
3 -107.755371 -14.835729 138.152281 -15.561153
2 -53.863740 127.531953 -23.282347 -50.385857
3 19.381758 -53.800964 21.714111 12.705072
3 17.618437 37.061106 183.571158 -238.250653
3 -109.670249 24.225187 239.613389 -154.168331
3 -3.370846 -0.682444 4.942138 -0.888848
3 -17.790909 -18.336035 48.345638 -12.218698
4 -100.970051 -49.078690 -332.560842 482.609583
2 -1.689025 50.417965 -47.300293 -1.428647
3 -0.309765 -0.064320 0.724802 -0.350718
4 -61.997353 -54.035532 -130.784462 246.817369
3 -60.348439 -96.355280 92.418014 64.285735
3 -37.697069 -38.504382 110.260672 -34.059220
3 -97.938955 -81.344226 183.224675 -3.941442
3 -35.549889 -22.843168 78.859529 -20.466411
2 8.704114 225.204516 -62.166729 -171.741898
4 -310.456197 -12.746563 86.021872 237.180885
3 -3.934631 -106.247124 242.057480 -131.875717
1 0.000000 0.000000 0.000000 0.000000
3 -116.072567 4.361694 59.960637 51.750236
4 -22.483867 -17.424100 -62.263412 102.171392
3 -60.438901 -74.103431 165.938649 -31.396339
3 -1.081175 -4.738127 4.447062 1.372241
3 -66.734238 -41.222383 144.959432 -37.002811
3 -24.370136 -137.853484 208.484354 -46.260707
3 -21.813318 -122.594707 193.402316 -48.994299
4 -1.068296 -2.215772 -88.492930 91.776998
4 -88.375141 -217.233418 134.128716 171.479948
1 0.000000 0.000000 0.000000 0.000000
4 -36.223525 -4.656258 2.252519 38.627326
1 0.000000 0.000000 0.000000 0.000000
1 0.000000 0.000000 0.000000 0.000000
3 -159.624395 -24.891044 130.171366 54.344125
3 -34.875313 -17.691884 198.171516 -145.604310
1 0.000000 0.000000 0.000000 0.000000
4 -10.255462 -8.369251 3.578949 15.045764
4 -92.861784 34.858460 21.760282 36.242932
3 -83.296943 -15.623471 110.811085 -11.890674
3 -5.161179 -19.549840 46.702142 -21.991107
1 0.000000 0.000000 0.000000 0.000000
4 -79.101479 -367.162225 148.164579 298.099112
3 -83.254577 -56.049962 535.867828 -396.563278
3 -24.752446 -11.482359 46.713819 -10.479009
4 -44.758212 6.194151 -18.421851 56.985895
3 -28.762163 -23.908394 89.122177 -36.451622
1 0.000000 0.000000 0.000000 0.000000
3 -60.158845 51.896674 126.358797 -118.096375
2 -48.958132 45.745244 -27.689858 30.902746
