3 -5.273173 -0.746419 15.152319 -9.132727
3 -18.049314 -9.850158 34.890999 -6.991562
3 -180.636444 -170.693907 415.134986 -63.804635
3 -2.852108 -2.900067 5.473483 0.278692
3 -19.301524 -66.923690 95.023190 -8.797985
3 15.780882 -56.611069 82.438793 -41.608665
4 -0.723476 -0.937622 -36.066026 37.727204
1 0.000000 0.000000 0.000000 0.000000
3 -12.295678 -5.681976 22.999863 -5.022233
3 -0.277362 -2.124498 2.795018 -0.393159
3 0.000000 -61.724544 61.724544 0.000000
2 -21.559952 57.204573 -20.974232 -14.670305
3 -17.719010 1.912287 234.757736 -218.951012
4 -35.894551 -51.948676 7.409791 80.433426
2 -21.328013 58.142195 -15.886175 -20.928004
3 -47.207546 -210.857564 132.434124 125.630966
3 -47.421408 -58.552964 84.780553 21.193817
3 -0.340934 -2.304510 2.353242 0.292337
4 -72.406594 -37.095392 46.766771 62.735166
3 -0.277362 -11.538806 12.209327 -0.393159
3 -1.312612 -1.776350 4.434550 -1.345588
3 -18.049314 -9.850158 34.890999 -6.991562
1 0.000000 0.000000 0.000000 0.000000
1 0.000000 0.000000 0.000000 0.000000
1 0.000000 0.000000 0.000000 0.000000
4 0.000000 0.000000 -358.512505 358.512505
4 0.225474 -1.562703 0.574466 0.762897
4 -4.043375 -1.329400 -89.518456 94.891228
3 -18.049314 -9.850158 34.890999 -6.991562
4 0.135284 -0.937622 0.344680 0.457738
1 0.000000 0.000000 0.000000 0.000000
3 -0.277362 -2.124498 2.795018 -0.393159
4 -35.894551 -51.948676 7.409791 80.433426
3 -0.949068 -159.139660 392.647838 -232.559004
3 -26.384802 -34.341596 79.602220 -18.875822
3 -93.863270 -85.894957 192.446909 -12.688682
3 -31.410878 -25.875998 83.605390 -26.318514
3 -47.801889 -120.762675 194.474584 -25.910020
3 -33.624136 -63.748436 102.288310 -4.915693
3 -79.024411 -359.044692 268.542139 169.526933
3 -0.416594 -2.401402 7.786759 -4.968755
4 -171.634200 -257.214957 36.250668 392.598438
3 -2.626634 -4.462769 6.047949 1.041588
4 -24.361685 -44.204491 -44.244621 112.810753
1 0.000000 0.000000 0.000000 0.000000
3 -11.897592 -7.504394 23.605346 -4.203303
4 0.135284 -0.937622 0.344680 0.457738
3 -23.614073 33.339727 221.183905 -230.909548
3 -27.199024 33.271243 307.369534 -313.441752
4 -169.640293 -148.766900 -113.936571 432.343758
3 -181.326828 -123.740597 394.623833 -89.556398
