3 -67.117337 -32.096269 131.614726 -32.401161
3 -20.266538 -2.306445 24.775801 -2.202811
3 -56.914263 -15.194437 38.049432 34.059283
3 -81.298102 -99.424347 235.923858 -55.201406
3 -13.968923 -1.903455 18.291030 -2.418647
3 -40.675571 -10.787111 55.465851 -4.003166
3 -36.243145 -5.770537 311.392223 -269.378546
1 2.068720 -0.946749 -0.191714 -0.930262
3 -101.626316 -162.169275 217.811846 45.983786
3 -27.022252 -3.084289 33.078827 -2.972276
4 -3.256327 -22.335164 -163.870869 189.462253
3 -60.058245 -15.265273 51.510055 23.813437
3 -1.688878 -1.603949 6.351355 -3.058527
2 -153.061721 70.119380 57.794194 25.148093
3 -98.062388 2.494712 94.129338 1.438323
2 -18.023607 47.451624 -69.441438 40.013427
3 -13.653521 -2.651090 18.409078 -2.104474
4 -40.241217 -46.436334 36.057722 50.619801
1 50.248840 -53.737767 10.327869 -6.839113
4 -16.944361 -20.249717 -52.992995 90.186977
3 -220.272303 39.902999 138.762994 41.606230
3 -115.618444 -88.749648 112.182024 92.185932
3 -30.354078 -4.600301 281.571763 -246.617378
3 -116.623587 -120.710763 302.480217 -65.145890
4 -50.118236 -67.608647 7.270786 110.456093
3 -23.491596 -12.905785 61.907518 -25.510214
3 -66.317814 -26.212533 150.777909 -58.247539
3 -23.740594 -41.496985 87.518572 -22.280752
3 -130.697403 36.599560 57.122887 36.974996
3 -1.688878 -0.192204 2.064650 -0.183568
3 -90.094851 -305.063060 325.719718 69.438072
3 1.745252 -38.068462 64.076680 -27.753497
1 40.197510 -33.400201 26.373119 -33.170622
3 -2.781340 -1.628554 3.123604 1.286281
4 -27.030957 -44.027034 -40.734869 111.792872
3 -268.021774 -129.374466 224.962057 172.433995
3 -20.266538 -2.306445 24.775801 -2.202811
3 -116.217969 -149.845963 237.950997 28.112915
4 -5.965222 -15.992616 -32.805745 54.763584
3 -9.097107 -36.183326 25.084737 20.195679
3 -45.606994 -69.187472 307.362863 -192.568390
3 -32.024236 -9.223227 51.132157 -9.884713
3 -104.942667 -40.132966 106.373718 38.701854
3 -125.714502 -64.315596 268.060656 -78.030645
4 -11.821854 -11.191021 -6.461148 29.474023
3 -73.442758 -99.847422 264.892614 -91.602427
3 -86.841634 -128.381805 206.675548 8.547689
3 -1.688878 -0.192204 2.064650 -0.183568
3 -18.323162 -19.139129 77.715180 -40.253024
4 -28.760090 -140.810957 -0.659249 170.230308
3 -36.038308 -101.043206 235.972721 -98.891195
3 -45.251208 -14.152106 68.907711 -9.504415
3 -217.207796 18.369338 168.529470 30.309001
3 -17.658327 -6.871439 27.455613 -2.925823
3 -88.398233 19.430460 49.553238 19.414517
4 -14.795670 -57.319249 14.688249 57.426640
4 -29.256766 -104.749091 10.233262 123.772578
4 -44.688576 -0.876165 13.673820 31.890943
4 -62.330790 -47.107732 -178.464788 287.903367
4 -272.796908 100.377839 -21.093658 193.512632
4 0.000000 -0.000000 -57.568867 57.568867
3 -149.028173 32.122305 84.771622 32.134215
2 -2.370202 112.582321 2.012415 -112.224571
4 -11.447027 5.757453 -28.624852 34.314423
3 -27.022051 -3.075260 33.034401 -2.937081
4 -100.390369 -26.515819 29.683378 97.222682
4 -127.708815 -36.969490 -101.861520 266.539760
3 -72.507300 11.400956 51.081777 10.024560
3 -50.746792 -56.701418 101.988411 5.459797
4 -13.511025 -1.692919 0.001847 15.202102
3 -47.288589 -5.381704 57.810202 -5.139892
4 -8.220375 -138.229365 -8.706778 155.156524
4 -22.860172 -66.041981 8.026416 80.875754
3 -86.138526 -9.762866 104.392756 -8.491430
3 -13.867263 -4.321280 21.246895 -3.058375
3 -138.130849 11.252203 76.320074 50.558553
3 -153.261283 -151.847218 420.580544 -115.471827
3 -31.534631 -3.657394 38.658375 -3.466340
3 -18.014701 -2.050173 22.022935 -1.958054
3 -101.909259 19.157706 341.500870 -258.749331
3 -100.793057 -10.503081 89.770217 21.526164
3 -1.688878 -0.192204 2.064650 -0.183568
3 -274.880324 -60.227183 225.535693 109.571586
3 -4.791924 -80.424454 48.980423 36.235913
3 -331.326141 53.511240 319.729823 -41.914958
3 -20.421238 -6.354120 24.946418 1.828918
4 -150.647800 7.927029 -27.474365 170.195114
3 -1.990880 -21.765923 42.065138 -18.308329
3 -31.983622 -3.953628 40.313962 -4.376701
4 32.633974 -119.594064 33.750684 53.209237
3 -373.613522 -155.688499 266.732411 262.569422
3 -15.008351 -22.310750 64.672203 -27.353125
3 -59.529553 11.013807 34.137505 14.378229
1 36.138251 -24.259595 11.916069 -23.794826
3 -44.682007 -47.120214 139.115210 -47.313039
2 -1.139184 2.322100 1.581072 -2.763989
3 -306.486836 34.345386 235.986032 36.155325
