1 0.000000 0.000000 0.000000 0.000000
3 -31.772645 -124.778732 161.222737 -4.671347
4 -9.684302 -377.045103 -227.720437 614.449841
1 0.000000 0.000000 0.000000 0.000000
4 -17.597529 -43.327160 26.114511 34.810175
3 84.649064 -186.566523 449.527516 -347.610048
3 14.613942 -53.953600 22.839380 16.500185
4 -20.693023 -42.384315 29.295619 33.781754
4 -38.721073 -242.384031 24.428746 256.676443
2 -21.830906 61.441563 -15.881850 -23.728806
4 -16.091345 -18.296322 -62.892147 97.279816
4 0.711125 -88.854315 -15.122858 103.266051
4 22.767717 -73.581756 -37.131148 87.945312
3 -34.047417 -29.588816 35.416797 28.219443
2 -28.936764 78.379912 -16.754577 -32.688570
3 -77.206868 -227.746618 189.991807 114.961708
4 -31.448377 9.185165 4.935221 17.328094
4 -85.851388 42.436684 -126.767548 170.182404
3 -52.648653 70.797203 77.483138 -95.631703
3 65.771231 -296.092370 271.554470 -41.233203
4 32.280853 -101.802109 -89.029806 158.551127
3 -44.857534 -178.338883 330.686758 -107.490509
3 60.907833 -164.914690 293.778031 -189.771192
3 -122.382854 -34.249338 225.776950 -69.144752
3 12.664715 -143.541546 395.182699 -264.306035
3 -8.697957 -238.081339 178.383996 68.395215
3 -44.231816 -115.339759 348.041706 -188.470115
3 -110.540278 -133.044505 439.255811 -195.671022
3 -16.305849 -82.954391 101.994129 -2.733770
3 -18.352462 -208.916124 269.260494 -41.991903
4 -29.405594 -69.660895 -136.379496 235.445976
2 -219.628958 422.076395 -10.847039 -191.600441
3 -25.008986 -19.730463 353.629089 -308.889649
3 -95.323668 -122.636783 482.945231 -264.984786
2 -49.907587 235.754166 59.330910 -245.177286
2 -40.961385 246.008598 164.910007 -369.957215
4 -22.456912 -153.153206 -33.989307 209.599434
3 -30.699684 -41.839596 107.850221 -35.310938
4 -24.468636 -74.639246 -37.432348 136.540230
3 -142.197940 -189.628402 172.610745 159.215519
3 -95.423248 -526.704256 607.536721 14.590722
3 -69.558896 -62.666424 240.925713 -108.700387
3 -12.709058 -47.817249 63.600487 -3.074175
3 3.514752 -170.812250 260.870375 -93.572883
3 -28.022850 -11.630802 45.539786 -5.886133
3 -103.100258 26.320745 63.079576 13.699802
3 -31.641545 -76.421695 186.561552 -78.498313
2 15.025483 127.786146 122.727699 -265.539253
3 -0.517326 -1.059608 29.070729 -27.493794
4 -13.541371 14.644746 -112.343160 111.239789
3 0.000000 -61.060699 55.120661 5.940039
3 -24.059033 -97.881676 82.832168 39.108607
2 -1.570630 42.672367 -25.498210 -15.603527
2 -98.716221 132.744751 105.340300 -139.368858
3 30.050966 -87.777390 97.266594 -39.540001
3 -4.825931 -3.606301 12.834598 -4.402365
3 -3.915151 0.000000 12.714257 -8.799107
3 29.227884 -107.907200 45.678761 33.000369
4 -16.130503 -84.486099 -28.568088 129.184691
3 -0.000000 -453.074455 453.074455 -0.000000
2 -60.936997 90.609007 -52.143363 22.471361
3 4.199284 -250.183511 271.500443 -25.515990
3 -13.831875 -56.283000 112.588091 -42.473201
3 -1.588632 -5.977156 7.950061 -0.384272
3 -12.988740 -48.506018 129.151075 -67.656312
1 0.000000 0.000000 0.000000 0.000000
3 -30.317395 -4.167409 199.837929 -165.353066
3 -0.000000 -65.938687 74.324102 -8.385414
3 -81.940612 64.056103 209.222965 -191.338522
3 -89.426528 -24.837152 106.742239 7.521387
3 -110.624322 -68.452918 342.596063 -163.518798
1 0.000000 0.000000 0.000000 0.000000
3 -1.518036 -97.834797 129.129365 -29.776534
3 -31.772645 -119.543123 159.001217 -7.685437
3 -19.063587 -71.725874 91.774001 -0.984533
3 -6.079081 -96.337914 87.528568 14.888370
3 -40.961385 -29.093560 64.216542 5.838420
3 -164.260900 89.835512 178.076641 -103.651337
3 -49.683811 85.984771 234.031810 -270.332743
3 -51.368739 -226.801806 449.911142 -171.740555
3 -37.080345 20.676717 296.993515 -280.589886
4 -4.087870 -244.905643 -147.539797 396.533318
3 -34.413016 -192.395421 409.030543 -182.222074
