1 0.000000 0.000000 0.000000 0.000000
3 -178.746521 32.690990 113.101768 32.953697
1 55.139406 1.021593 -55.643701 -0.517300
3 -53.352429 -12.624082 75.781198 -9.804756
3 -16.364194 -8.131721 32.492386 -7.996459
1 109.996809 -103.755666 22.677752 -28.918887
3 -150.576734 55.885091 163.876482 -69.184782
1 103.846088 -108.759734 40.489537 -35.575858
4 -11.613198 -306.901367 127.378166 191.136368
3 -133.174438 -32.648594 133.149605 32.673442
4 -66.996205 -102.832514 68.165195 101.663546
3 -0.067891 -0.815338 0.860090 0.023140
4 -54.004111 -53.456148 40.802951 66.657306
1 0.000000 0.000000 0.000000 0.000000
2 0.000000 4.605156 -4.605156 0.000000
3 -341.994669 115.442409 186.279015 40.273216
3 -2.628163 -3.728962 4.499025 1.858099
3 -16.364194 -8.131721 32.492386 -7.996459
3 -39.602497 -7.857969 54.887797 -7.427280
3 -152.124321 3.351311 87.636946 61.136105
4 -1.607550 -21.411284 -21.470097 44.488933
3 -223.433151 40.863738 141.377211 41.192122
2 -100.727798 58.207706 28.061326 14.458738
3 -3.762058 -45.398053 31.445027 17.715079
2 -10.204908 28.150389 -9.932810 -8.012673
1 0.255355 0.220814 -0.589967 0.113796
1 0.000000 0.000000 0.000000 0.000000
3 -49.423660 -45.815808 141.580810 -46.341300
3 -121.548720 25.040215 72.604681 23.903784
3 -19.368662 -129.342639 97.297547 51.413751
4 -138.503311 -32.648594 -111.717121 282.869049
2 -162.260307 75.681872 44.493182 42.085249
2 -0.340924 0.222527 -0.100769 0.219165
3 -27.969646 -17.879485 63.131375 -17.282202
3 -14.640479 -22.596162 52.351744 -15.115105
3 -2.163725 -0.771042 3.351743 -0.416976
3 -11.807790 -7.560879 26.684524 -7.315836
2 -187.138605 211.833420 77.961284 -102.656162
3 -1.565350 -1.558276 4.692547 -1.568921
3 -32.303918 -43.856184 108.171566 -32.011425
3 -28.654513 -17.587520 63.243569 -17.001494
3 -10.356277 -73.395130 207.281072 -123.529688
4 -4.216457 -121.331236 36.417775 89.129920
4 -18.390226 -18.965358 -26.415110 63.770705
3 -101.300537 13.185134 74.516327 13.599102
3 -0.119189 -2.912841 5.385052 -2.353021
3 -60.193948 -1.058036 62.138229 -0.886209
3 -22.144583 -22.159719 45.714410 -1.410315
3 -2.159492 0.699653 0.748169 0.711671
3 -270.986708 -222.418566 433.743326 59.661887
3 -285.777914 19.540014 247.836954 18.400845
1 0.000000 0.000000 0.000000 0.000000
3 -1.398482 -0.893974 3.156569 -0.864110
3 -21.818926 -10.842295 43.323181 -10.661945
1 0.000000 0.000000 0.000000 0.000000
3 -31.231910 -22.520972 84.864164 -31.111254
3 -20.526319 -14.263881 49.414309 -14.624111
4 -11.613198 -306.901367 127.378166 191.136368
3 -18.481125 -13.748753 45.387841 -13.157916
3 -302.082002 -76.277571 458.276390 -79.916813
1 0.000000 0.000000 0.000000 0.000000
4 -64.395786 19.299444 -3.293504 48.389789
3 -15.668649 -3.847908 23.010725 -3.494181
3 -85.819568 -167.863703 293.586368 -39.903148
3 -11.187859 -7.151794 25.252550 -6.912881
3 -43.636423 -41.567980 110.876796 -25.672354
3 -14.878361 -9.818037 34.367366 -9.670918
3 -34.547218 -17.662777 70.592890 -18.382918
3 -54.155294 -16.287673 85.438910 -14.995907
3 -0.120375 -1.338010 3.293761 -1.835377
2 -8.853438 5.198475 3.654963 0.000000
3 -158.715926 -111.432877 199.112513 71.036311
3 -111.442222 -86.087841 365.226197 -167.696090
3 -66.587568 -71.465521 214.986783 -76.933698
3 -11.187859 -7.151794 25.252550 -6.912881
3 -200.637371 25.990224 147.609502 27.037633
3 -398.825182 85.920243 225.056981 87.847884
3 -114.303509 4.055370 105.370439 4.877716
4 -143.197633 13.445508 56.901804 72.850270
3 -14.878361 -9.818037 34.367366 -9.670918
3 -98.923881 -98.403757 126.402763 70.924934
3 -1.398482 -0.893974 3.156569 -0.864110
4 -18.502582 14.184762 -12.772780 17.090672
1 0.000000 0.000000 0.000000 0.000000
1 0.000000 0.000000 0.000000 0.000000
4 -26.378684 113.305176 -316.398241 229.471777
3 -75.355508 4.706568 126.770104 -56.121137
3 -39.157505 -25.031279 88.383925 -24.195083
3 -28.896782 -2.074062 32.513824 -1.542988
1 0.000000 0.000000 0.000000 0.000000
3 -321.528711 -59.221529 292.302757 88.447377
3 -12.595246 -87.286812 71.798286 28.083764
3 -28.013675 -31.778383 98.339369 -38.547247
1 0.000000 0.000000 0.000000 0.000000
1 0.000000 0.000000 0.000000 0.000000
4 -56.525555 -130.228038 84.725880 102.027730
1 0.000000 0.000000 0.000000 0.000000
4 -0.014111 -0.023216 -0.097357 0.134685
3 -119.725013 -16.697170 144.017565 -7.595405
3 -84.026030 1.896201 88.995705 -6.865904
1 0.000000 0.000000 0.000000 0.000000
3 -19.817000 33.743005 58.982584 -72.908591
1 0.000000 0.000000 0.000000 0.000000
3 -24.797268 -16.363394 57.278943 -16.118197
4 -146.282581 56.682492 0.626220 88.973842
3 -17.095710 -27.806081 25.370943 19.530834
2 -27.948508 38.434440 31.772560 -42.258494
3 -10.386560 -5.627134 20.134366 -4.120670
3 -10.909463 -5.421147 21.661591 -5.330973
3 -80.100159 12.232860 60.009859 7.857411
3 -0.887196 -0.723776 2.318358 -0.707387
1 0.000000 0.000000 0.000000 0.000000
3 -24.117757 3.321498 20.100452 0.695793
3 -35.928125 -23.588650 35.642463 23.874277
3 -96.049457 -86.655070 268.398170 -85.693656
3 0.000000 0.000000 0.289245 -0.289245
3 -255.422803 160.605776 194.199593 -99.382651
1 0.000000 0.000000 0.000000 0.000000
3 -1.398482 -0.893974 3.156569 -0.864110
3 -39.173834 -24.409841 87.162951 -23.579216
1 0.000000 0.000000 0.000000 0.000000
4 -32.158436 57.076056 -285.652505 260.734926
3 -11.871403 -9.938877 29.045173 -7.234876
2 -9.982602 94.625415 -81.701148 -2.941732
3 -27.969646 -17.879485 63.131375 -17.282202
3 -234.636202 13.678379 256.195803 -35.238060
3 -1.317643 -2.033655 4.711657 -1.360360
3 -211.661399 46.558858 118.105381 46.997182
1 0.000000 0.000000 0.000000 0.000000
3 -109.194775 -9.104916 94.026842 24.272898
3 -229.178614 -226.810307 372.608063 83.380720
3 0.000000 17.266163 133.137100 -150.403275
3 -48.119085 -18.423507 83.900275 -17.357683
1 0.000000 0.000000 0.000000 0.000000
1 0.000000 0.000000 0.000000 0.000000
3 -341.460952 97.844955 146.098839 97.517147
3 -95.942239 -101.621065 120.382363 77.180974
3 -95.359117 38.539757 245.982595 -189.163203
3 -74.227810 -56.929289 173.001686 -41.844485
1 0.000000 0.000000 0.000000 0.000000
4 -11.019890 -232.784823 83.324278 160.480438
3 -3.301026 -0.355762 6.775826 -3.119036
3 -32.106661 -18.705841 50.632661 0.179883
3 0.000000 0.000000 0.192830 -0.192830
3 -16.781788 -10.727691 37.878825 -10.369321
3 -39.157505 -25.031279 88.383925 -24.195083
3 -44.733481 -33.208605 93.512774 -15.570684
3 -84.244703 -66.784365 211.388506 -60.359424
2 -51.104463 33.063574 9.648507 8.392430
1 0.000000 0.000000 0.000000 0.000000
3 -122.274289 24.185819 91.083986 7.004548
3 -39.157505 -25.031279 88.383925 -24.195083
1 0.000000 0.000000 0.000000 0.000000
4 -25.206653 -34.309647 12.454499 47.061824
3 -110.972867 16.790239 77.271178 16.911515
3 -11.187859 -7.151794 25.252550 -6.912881
3 -254.679761 43.563101 166.449131 44.667531
1 0.000000 0.000000 0.000000 0.000000
2 -7.111121 35.564312 11.551858 -40.005051
2 2.926019 3.248932 1.906981 -8.081939
3 -31.367496 -27.073947 57.357038 1.084422
3 -16.781788 -10.727691 37.878825 -10.369321
3 -84.698807 115.666566 167.729930 -198.697657
3 -0.493814 -0.016738 0.505800 0.004751
1 0.000000 0.000000 0.000000 0.000000
3 -28.896782 -2.074062 32.513824 -1.542988
3 -14.878361 -9.818037 34.367366 -9.670918
3 -82.614804 -42.280876 217.981129 -93.085255
2 -8.255750 45.380138 2.725866 -39.850251
3 -1.398482 -0.893974 3.156569 -0.864110
3 -96.681896 -101.117964 168.539126 29.260730
3 -20.262102 -14.790595 50.123407 -15.070688
1 0.000000 0.000000 0.000000 0.000000
3 -20.515196 -45.117176 47.088020 18.544137
3 -43.591912 -165.725062 198.454261 10.862732
3 -1.398482 -0.893974 3.156569 -0.864110
2 -0.391892 14.914507 -29.303390 14.780813
2 -15.851015 84.810085 -14.247479 -54.711595
1 0.000000 0.000000 0.000000 0.000000
3 -1.398482 -0.893974 3.156569 -0.864110
1 0.000000 0.000000 0.000000 0.000000
3 -36.120977 -2.592577 40.642281 -1.928735
3 -20.992076 -145.478020 119.663811 46.806273
3 -3.657797 -4.875598 13.915870 -5.382475
3 -7.365814 -5.393066 18.259287 -5.500400
4 -17.891231 23.830320 -59.358312 53.419196
1 0.000000 0.000000 0.000000 0.000000
3 -24.901455 -6.665837 37.672656 -6.105381
2 -13.509983 245.204334 23.159473 -254.853827
1 0.000000 0.000000 0.000000 0.000000
3 -165.015450 15.055153 128.443995 21.516259
3 -104.603886 -269.198433 227.465228 146.337033
1 23.634713 -55.630234 20.434841 11.560699
3 -19.837814 -13.090715 45.823154 -12.894558
3 -6.984311 0.127619 6.690999 0.165693
4 -33.828244 -49.719038 34.634725 48.912628
4 -0.027667 0.011425 -0.014818 0.031060
3 -50.989408 -33.009269 84.788638 -0.789944
1 0.000000 0.000000 0.000000 0.000000
3 -26.349123 -15.945998 24.986003 17.309094
4 -45.829280 -118.097047 69.786835 94.139496
3 -84.721159 -119.735867 145.400769 59.056213
3 -39.157505 -25.031279 88.383925 -24.195083
4 -14.733823 -36.484446 -8.558032 59.776304
3 -62.553613 -217.640390 225.972891 54.221124
3 -20.056135 -39.002142 60.583961 -1.525683
3 -48.716223 -89.879389 112.440567 26.155029
3 -29.394881 -18.074430 67.115623 -19.646270
4 -94.030639 -263.974823 173.113113 184.892375
3 -54.859556 -11.028413 78.784969 -12.896878
3 -90.112679 20.336928 49.263777 20.511982
3 -26.686274 74.331728 151.971247 -199.616902
4 -30.324595 -30.309582 -30.256834 90.891008
3 -27.969646 -17.879485 63.131375 -17.282202
3 -28.651488 -18.218307 64.485225 -17.615388
3 -27.969646 -17.879485 63.131375 -17.282202
3 -27.969646 -17.879485 63.131375 -17.282202
3 -51.015787 -28.033552 106.434606 -27.385268
1 0.000000 0.000000 0.000000 0.000000
2 -0.340924 0.222527 -0.100769 0.219165
1 0.000000 0.000000 0.000000 0.000000
3 -40.038420 -30.865424 106.796858 -35.892951
1 0.000000 0.000000 0.000000 0.000000
3 -27.969646 -17.879485 63.131375 -17.282202
3 -9.823399 -38.427706 57.657933 -9.406828
1 0.000000 0.000000 0.000000 0.000000
1 0.000000 0.000000 0.000000 0.000000
3 -67.821469 -39.798299 114.962391 -7.342619
3 -65.568753 -51.474663 120.745289 -3.701827
4 -11.491608 -22.083109 5.519553 28.055166
3 -27.969646 -17.879485 63.131375 -17.282202
2 -0.768727 2.304147 -0.767653 -0.767768
3 -171.282106 -69.689918 241.609483 -0.637541
2 -48.434849 64.403225 19.142473 -35.110822
3 -193.741439 24.585254 143.586577 25.569595
3 -120.004894 -158.976514 214.328361 64.653041
3 -45.641418 -58.048906 67.041588 36.648788
3 -39.157505 -25.031279 88.383925 -24.195083
3 -24.368971 -24.530977 73.516663 -24.616714
3 -31.547522 -62.273476 100.724045 -6.902995
3 -33.975709 4.525397 24.923492 4.526858
3 -27.969646 -17.879485 63.131375 -17.282202
3 -27.969646 -17.879485 63.131375 -17.282202
3 -36.120977 -2.592577 40.642281 -1.928735
1 0.000000 0.000000 0.000000 0.000000
3 -58.450255 6.280330 45.678999 6.490993
3 -117.515817 -109.103278 243.639534 -17.020460
3 -16.781788 -55.898079 99.230806 -26.550915
3 -38.508827 -16.117648 69.106869 -14.480391
4 -48.287095 -97.014393 56.548215 88.753333
1 0.000000 0.000000 0.000000 0.000000
3 0.255355 -155.589294 306.235294 -150.901356
1 0.000000 0.000000 0.000000 0.000000
3 -1.398482 -0.893974 3.156569 -0.864110
4 -53.659611 -155.312196 -30.766704 239.738517
3 -99.232624 -11.473327 121.226443 -10.520428
4 -11.187859 -17.796217 -69.867002 98.851089
3 -39.426160 -141.451640 266.345210 -85.467421
3 0.000000 7.906720 64.580696 -72.487419
1 0.000000 0.000000 0.000000 0.000000
3 -64.027069 -59.032831 181.904658 -58.844708
3 -17.228596 -10.781348 38.470036 -10.460066
4 -0.550958 -78.184757 -76.514420 155.250142
1 0.000000 0.000000 0.000000 0.000000
1 0.000000 0.000000 0.000000 0.000000
3 -51.929398 -18.505011 80.441843 -10.007435
3 -58.214492 -63.407183 181.433925 -59.812291
3 -17.924593 -57.935978 68.661867 7.198704
3 -64.416969 -21.055371 80.822048 4.650297
3 -217.233138 53.943162 108.754227 54.535684
3 -62.423206 -4.988248 71.896770 -4.485239
1 0.000000 0.000000 0.000000 0.000000
3 -175.779856 10.454310 154.265553 11.060113
3 -89.690089 -82.588221 255.666994 -83.388689
3 -25.804480 -6.730651 38.688713 -6.153600
2 -19.618954 61.670587 -57.101728 15.050086
