3 -31.392593 -76.203107 107.057295 0.538399
4 -22.865254 -125.685231 43.812992 104.737216
3 -24.128079 -41.154186 39.249853 26.032429
3 -46.476052 -62.047871 104.396290 4.127659
4 -3.771574 -1.830833 -6.836325 12.438986
2 -36.356698 36.846067 13.047967 -13.537428
2 -16.075591 277.718426 170.644693 -432.287574
3 -21.085716 -25.355627 58.231239 -11.789881
3 -59.462921 -56.771058 132.624817 -16.390727
3 -44.200057 -163.636973 274.121555 -66.284512
3 -9.649043 -10.443929 19.253476 0.839611
3 -24.465994 -54.822956 63.336837 15.952116
3 -22.137469 1.310322 46.131483 -25.304154
3 -12.116330 -136.174554 123.211177 25.079720
3 -8.032654 -9.659287 22.183330 -4.491383
3 -26.845776 -76.872509 106.176132 -2.457845
3 -81.430913 -10.423417 102.065956 -10.211276
4 -42.739836 -174.828762 94.210993 123.357916
4 -59.463655 60.950708 -166.566263 165.079276
3 -33.903195 -20.159751 46.224823 7.838168
3 -35.631828 11.162106 55.163100 -30.693369
3 -20.227562 -442.300673 392.941167 69.587070
2 -32.231512 146.867014 -68.307931 -46.327565
3 -11.005481 -185.099281 105.544029 90.560732
4 -23.908019 -65.483426 42.037041 47.354573
3 60.615040 -295.204184 340.567537 -105.978227
3 -132.521911 -289.188158 298.790014 122.920702
4 -58.293301 17.179343 12.937643 28.176285
3 -26.545571 -5.149500 36.765906 -5.070759
3 -54.033174 -47.807542 84.823044 17.017745
2 -13.741787 58.118207 57.481825 -101.858110
3 -79.828488 -196.049458 198.984148 76.893903
3 -51.717669 -251.039260 163.744704 139.012417
3 -24.701090 -62.849548 46.670714 40.879923
4 -37.430399 8.814673 -94.086486 122.702302
3 -109.983232 -326.616361 561.505187 -124.905803
3 -23.591091 -24.567595 39.610362 8.548587
3 -249.166737 73.507143 120.317128 55.342392
3 -65.226689 -165.461511 152.664688 78.023668
3 -39.225975 194.676095 255.383937 -410.834050
3 -46.480616 -285.898754 276.462415 55.917258
3 -64.714252 -75.180695 151.694085 -11.798993
3 -85.592283 -130.601190 166.576419 49.617086
3 -0.820411 -222.491549 226.392064 -3.080104
2 -73.638841 138.229665 22.792648 -87.383498
3 -17.927492 -18.223735 54.158049 -18.006813
3 -17.303657 -152.162078 145.384844 24.080830
3 -32.848212 -22.788575 65.830965 -10.194118
4 -65.159168 4.152297 -90.106307 151.113545
4 0.000000 -2.651126 -15.242696 17.893821
4 -51.902582 -94.166721 -25.972924 172.042361
4 -36.704576 -214.289977 -160.093398 411.088060
3 -98.183633 -94.011702 216.874883 -24.679587
3 -91.210299 -323.767981 263.470259 151.508083
3 -11.487858 -9.594260 34.981293 -13.899149
3 -15.966948 -200.643243 116.031908 100.578535
4 -50.837483 -32.864006 39.803239 43.899142
1 0.000000 0.000000 0.000000 0.000000
3 -64.430914 -79.371190 93.227747 50.574453
3 -44.264191 -114.619432 160.372336 -1.488678
3 -27.578824 21.033101 27.822195 -21.276256
3 -103.163209 -364.471846 305.478785 162.156515
3 -23.244246 -35.379940 47.962446 10.661747
3 -25.175554 -29.500955 64.596752 -9.920154
3 -92.772978 -206.437764 184.005285 115.205817
4 -16.264335 -34.134341 -4.334607 54.733311
3 -38.136537 -43.917448 113.184420 -31.130350
3 -33.746744 -28.778826 80.779995 -18.254316
3 -18.603962 -42.037112 37.287960 23.353117
3 -6.024490 -7.244465 16.637497 -3.368537
3 -38.072598 -80.147731 98.416041 19.804330
1 0.000000 0.000000 0.000000 0.000000
1 0.000000 0.000000 0.000000 0.000000
3 -14.288056 -40.774140 35.178205 19.883986
3 100.528933 -609.723852 359.820113 149.374827
4 -3.771574 -1.830833 -6.836325 12.438986
4 -45.190737 -151.670061 1.989214 194.871744
3 -26.545571 -5.149500 36.765906 -5.070759
3 -80.976001 -113.910388 170.109013 24.777460
3 -165.586372 -216.609425 466.076561 -83.880649
3 -58.876676 -4.722956 76.155365 -12.555517
3 -126.513992 -170.522181 208.606403 88.429864
3 -52.439326 -110.555484 223.945353 -60.950424
3 -57.446324 -27.734477 102.083083 -16.902210
3 -9.044717 -9.829518 17.977185 0.897128
4 -19.122229 -220.691490 108.361474 131.452213
3 -2.369450 -152.024425 153.805794 0.588184
3 47.273129 -283.321678 150.329815 85.718850
3 -40.626253 -97.758312 166.907320 -28.522757
4 -105.888394 -357.580966 -65.805054 529.274750
2 -15.105902 12.805161 5.652411 -3.351709
4 -2.908247 -1.951748 -1.826784 6.686925
4 -1.930276 -26.518997 1.358209 27.091164
1 0.000000 0.000000 0.000000 0.000000
3 -43.270368 -44.228500 105.030256 -17.531298
4 -49.732133 -152.583298 13.487175 188.828336
3 -47.236104 -44.561420 211.951019 -120.153485
2 -24.240837 365.289450 -26.730275 -314.318281
3 -38.445168 -26.848413 62.265449 3.028187
4 -25.082243 -35.030891 -26.654189 86.767341
4 -60.547070 -134.516776 85.028399 110.035565
3 -53.444754 -76.044317 98.988846 30.500368
3 -85.796928 -60.896446 311.037528 -164.344033
3 -114.682325 -204.957830 244.346680 75.293866
4 -149.273565 52.281203 35.014971 61.977397
3 -39.343639 -200.222961 124.580133 114.986733
3 -45.944801 -207.901357 174.233530 79.612858
3 -52.752478 -30.217673 107.054001 -24.083816
2 -167.284532 1572.703441 -1506.787006 101.366419
3 -21.274142 -23.595681 63.684644 -18.814749
4 -15.302064 -19.210184 -97.297623 131.809876
3 -49.557999 -55.128464 101.374362 3.312078
3 -48.419815 -84.722480 116.266834 16.875534
4 -1.733799 -1.858791 0.133534 3.459129
4 -21.479221 -24.490810 -89.076667 135.046713
3 -39.401975 -283.843142 185.719869 137.525226
3 -196.667090 -36.206591 179.973927 52.899763
3 -52.195668 -52.106897 94.692049 9.610572
2 -54.922165 114.186494 -28.502465 -30.761661
4 -18.198541 -20.676501 -20.180175 59.055460
3 -12.808310 -44.456836 30.844559 26.420848
3 -17.040255 -41.453182 64.193195 -5.699754
2 -18.430829 323.392624 16.571255 -321.533072
3 -37.764315 -80.236202 72.566328 45.434440
3 -43.982505 -228.260111 198.105380 74.137496
3 -52.832121 -32.570647 127.926013 -42.523161
4 -61.717437 -99.892309 49.948871 111.660950
3 -54.196762 -30.844555 86.928080 -1.886648
3 -50.394685 -20.580012 62.704601 8.270101
3 -41.303884 -4.275952 48.231610 -2.651578
3 -56.919257 -5.978446 71.922534 -9.024657
3 -16.005755 -20.505889 46.992107 -10.480383
3 -34.386716 -59.316891 78.298086 15.405712
4 -13.275547 -19.600159 11.913667 20.961991
3 -52.047736 -93.175248 149.172387 -3.949378
2 -18.188643 403.699481 -575.609944 190.099240
4 -4.524635 -2.736391 -4.756638 12.017919
